-0,1425638017;-1,98535
0,3877728272;-1,98535
0,5816195992;-1,98509
0,6595448458;-1,98445
0,7178089675;-1,98325
0,7728497881;-1,98075
0,8249867027;-1,97571
0,8805027485;-1,96398
0,9322886404;-1,94042
0,9859047173;-1,88737
1,042696798;-1,75487
1,099575942;-1,41388
1,14155909;-0,843358
1,149164933;-0,695741
1,16437662;-0,340898
1,168179541;-0,234599
1,175785385;-0,0014145
1,175799051;-0,00102078
1,175826383;-0,000236752
1,17584605;3,84782e-005
1,175865491;8,80708e-005
1,175890095;0,000132639
1,175903141;0,000605213
1,175911856;0,00275652
1,175915424;0,00290393
1,175918897;0,00293585
1,175922414;0,00301894
1,175925862;0,00312832
1,175932757;0,00335615
1,175940038;0,00359551
1,175983722;0,00502477
1,176158457;0,0107376
1,176391436;0,0183769
1,176819863;0,0325131
1,177471838;0,0542545
1,178632095;0,0936466
1,180593252;0,162336
1,184032103;0,289524
1,189816693;0,524692
1,201385873;1,09037
1,204122116;1,2479
1,209594601;1,58546
1,210962722;1,67611
1,213698965;1,86365
1,21481131;1,94249
1,215363832;1,98195
1,215444694;1,98744
1,21549631;1,99007
1,215544423;1,99071
1,2158871;1,9909
1,218679959;1,99121
1,246984187;1,99131
1,405291674;1,99127
1,407017256;1,99127
1,407033131;1,99133
1,407033904;1,99144
1,407034184;1,99177
1,407034458;1,99307
1,407035101;1,99914
1,407035426;2,00165
1,407035553;2,00236
1,407035642;2,00246
1,407035756;2,00194
1,40703599;2,00026
1,407036456;1,99775
1,407037093;1,99541
1,40703775;1,99443
1,407038226;1,99629
1,407038533;1,99633
1,407039263;1,9944
1,407040417;1,99272
1,407041791;1,99196
1,407045897;1,99171
1,407150932;1,99179
1,424038705;1,99155
1,424898188;1,99148
1,425012278;1,99135
1,425099743;1,98943
1,425155158;1,98668
1,425207103;1,98468
1,425244366;1,98324
1,426151536;1,94795
1,433155241;1,67442
1,464339141;0,456241
1,474613865;0,0549346
1,475531251;0,019108
1,475898205;0,0047839
1,476024476;-6,46844e-006
1,476105739;-0,00203617
1,476135265;-0,00465917
1,476157226;-0,00535226
1,476172199;-0,00591298
1,47621541;-0,00760449
1,476372384;-0,0137407
1,477000281;-0,0382677
1,489985356;-0,545382
1,525161189;-1,91882
1,526937392;-1,98788
1,527121648;-1,99459
1,527165035;-1,99557
1,527222885;-1,99608
1,529249725;-1,99615
1,549337738;-1,9962
1,549408811;-1,99622
1,549420905;-1,99645
1,549424147;-1,99691
1,549425073;-1,99741
1,549425437;-1,99788
1,549425743;-1,99884
1,549426174;-2,00087
1,549426326;-2,0011
1,549426985;-2,00114
1,549427387;-2,00176
1,549427681;-2,00268
1,549428004;-2,00306
1,54945619;-2,00271
1,549576971;-2,00139
1,549749492;-2,00007
1,549763567;-2,00007
1,549773958;-2,00057
1,549775658;-2,001
1,549777699;-2,00255
1,549778729;-2,00394
1,549779548;-2,00642
1,549779891;-2,00361
1,549780204;-1,9951
1,549780341;-1,99026
1,549780496;-1,98537
1,549780595;-1,98295
1,549780704;-1,98098
1,549780823;-1,97945
1,549781098;-1,9773
1,549781423;-1,97594
1,549782017;-1,97471
1,549790486;-1,96316
1,550170696;-1,44772
1,551091365;-0,199571
1,551182442;-0,076124
1,551234486;-0,0056928
1,551251385;0,0101914
1,551259057;0,0291388
1,551261822;0,0315586
1,551263162;0,0332465
1,551265529;0,0364722
1,551274673;0,0488898
1,551304158;0,088894
1,55259436;1,83806
1,552663735;1,93178
1,552683814;1,9585
1,552696708;1,97429
1,552704978;1,98056
1,552712867;1,98228
1,552732946;1,9828
1,552829867;1,98421
1,552960899;1,98563
1,553102571;1,98682
1,553505217;1,98894
1,553931639;1,99001
1,554679561;1,99076
1,556112748;1,99113
1,564656373;1,99132
1,627854594;1,99133
1,638525952;1,99133
1,638591805;1,99135
1,63859469;1,99142
1,638595188;1,99162
1,638595493;1,99261
1,638595757;1,99472
1,638596097;1,99803
1,638596554;2,00167
1,638596757;2,00227
1,638596864;2,00188
1,638597209;1,99954
1,638597553;1,99776
1,638598153;1,99551
1,638598782;1,99432
1,638599215;1,99599
1,638599514;1,99656
1,638600368;1,99441
1,638601562;1,99269
1,638603053;1,99192
1,638607219;1,99172
1,638714221;1,99179
1,656521909;1,99154
1,65763879;1,97401
1,667469363;1,58997
1,700074523;0,31629
1,707015982;0,0451798
1,708105108;0,00265004
1,708136524;0,00145731
1,708199356;-6,94445e-005
1,708229091;-0,000275316
1,708230986;-0,000639882
1,708234776;-0,00209614
1,708236228;-0,00241212
1,708237748;-0,00253902
1,70823909;-0,00258478
1,708240925;-0,00263985
1,708242967;-0,00271109
1,708247052;-0,00286903
1,70825522;-0,00319232
1,708264597;-0,00356216
1,708283352;-0,00429922
1,70832086;-0,00576977
1,708395878;-0,00870514
1,708545913;-0,014569
1,71359832;-0,211893
1,735191808;-1,05514
1,758613556;-1,96942
1,759052555;-1,98642
1,759248938;-1,99372
1,759294538;-1,99508
1,759344242;-1,99591
1,759600979;-1,99615
1,780717282;-1,9962
1,780846975;-1,99621
1,780861268;-1,99631
1,780866617;-1,99654
1,7808686;-1,99688
1,780869435;-1,99728
1,780869938;-1,99795
1,780870337;-1,99942
1,780870621;-2,00072
1,780870803;-2,00103
1,780871474;-2,00108
1,780871876;-2,00177
1,780872161;-2,00266
1,780872477;-2,003
1,780901475;-2,00263
1,781025276;-2,0013
1,781191327;-2,00005
1,781209294;-2,00032
1,78121268;-2,00059
1,78121447;-2,0011
1,781217242;-2,00428
1,781218535;-2,00296
1,78121951;-1,98165
1,781219704;-1,97878
1,781219826;-1,97766
1,78122014;-1,97617
1,78122068;-1,9749
1,781224145;-1,97011
1,781430779;-1,68997
1,782455985;-0,300104
1,782641335;-0,0488456
1,782659484;-0,024297
1,782682399;0,000645976
1,782688983;0,0147868
1,782693005;0,0215229
1,782696884;0,0264264
1,782698409;0,0284542
1,782704849;0,0372103
1,782719952;0,0577162
1,782780363;0,139648
1,784024515;1,82637
1,784096738;1,924
1,784117436;1,9517
1,78413032;1,96828
1,784138911;1,97734
1,784147207;1,98177
1,7841501;1,98232
1,784185559;1,98303
1,78433116;1,98494
1,784567234;1,987
1,784933217;1,98889
1,785365907;1,99
1,78611364;1,99076
1,787534698;1,99113
1,794178028;1,99131
1,856467432;1,99133
1,86998022;1,99133
1,870022844;1,99136
1,870024366;1,99145
1,870024649;1,99159
1,870024931;1,99236
1,870025183;1,99418
1,870025706;1,99915
1,870026085;2,00196
1,870026253;2,0023
1,870026422;2,00137
1,870026698;1,99949
1,87002706;1,99764
1,870027677;1,99539
1,870028425;1,99454
1,870029017;1,99629
1,870029324;1,99584
1,870029852;1,9944
1,870030633;1,99312
1,870032317;1,99205
1,870036317;1,99174
1,870268549;1,99179
1,887422007;1,99156
1,888544259;1,99147
1,888719169;1,98902
1,88878538;1,98598
1,888861357;1,98305
1,889998036;1,9388
1,898873877;1,59212
1,932576629;0,275573
1,937577577;0,0802518
1,939577957;0,00213073
1,939614011;0,000778552
1,93968612;-0,000223128
1,939688708;-0,000642324
1,939693883;-0,00233304
1,939695674;-0,002517
1,939697419;-0,00256022
1,939698962;-0,00258925
1,939701054;-0,00265203
1,939704537;-0,00278379
1,939710427;-0,00301826
1,939717102;-0,00328267
1,939730451;-0,00380817
1,939757151;-0,00485625
1,93981055;-0,00694769
1,939917348;-0,0111237
1,940479884;-0,0330983
1,951527152;-0,464536
1,98814286;-1,89423
1,990074262;-1,96949
1,99065379;-1,99181
1,990757368;-1,99524
1,990820833;-1,99604
1,991363461;-1,99615
2,011591757;-1,9962
2,012508787;-1,9962
2,012530189;-1,9963
2,012536128;-1,99654
2,012538209;-1,99693
2,012538953;-1,99732
2,012539438;-1,99803
2,012539813;-1,99946
2,012540117;-2,00086
2,01254028;-2,00104
2,012540979;-2,0011
2,012541443;-2,00208
2,012541788;-2,0029
2,012542757;-2,00307
2,012579175;-2,00253
2,012689914;-2,00135
2,012864265;-2,00004
2,012876171;-2,00017
2,012884286;-2,00109
2,012887682;-2,00671
2,012887799;-2,00669
2,012887919;-2,00581
2,012888044;-2,00346
2,012888162;-1,99988
2,012888428;-1,98999
2,012888539;-1,98654
2,012888661;-1,98359
2,012888794;-1,98131
2,01288895;-1,97947
2,012889097;-1,97828
2,012889467;-1,97655
2,012890029;-1,97537
2,01289774;-1,96484
2,01323388;-1,50914
2,014200341;-0,198911
2,014270084;-0,104372
2,014322964;-0,0327166
2,014345858;-0,00195838
2,014346305;-0,00167297
2,014347198;-0,00103834
2,014348386;-0,000271562
2,014349655;0,000207852
2,01435152;0,000479994
2,014354918;0,000753815
2,014358004;0,000982863
2,014359701;0,0081157
2,014361258;0,0214781
2,014361706;0,0206979
2,014361965;0,0203525
2,014362124;0,0203516
2,014362326;0,020535
2,014362537;0,0208197
2,014362782;0,0211707
2,014363028;0,0215166
2,014364243;0,0231756
2,014366916;0,0268169
2,014370479;0,0316663
2,014377606;0,0413525
2,01439186;0,0607017
2,014472951;0,17067
2,015715896;1,85572
2,015768799;1,92716
2,015786351;1,95063
2,015798621;1,96651
2,015806929;1,97579
2,015814208;1,98079
2,01582234;1,98237
2,015850017;1,98295
2,015987494;1,98479
2,016172648;1,98653
2,016563276;1,98875
2,01707692;1,99008
2,017834361;1,99079
2,019333566;1,99115
2,028137422;1,99132
2,097107899;1,99133
2,101580319;1,99133
2,101654187;1,99136
2,101655837;1,99145
2,101656118;1,9916
2,101656404;1,99241
2,10165666;1,99431
2,101656987;1,99751
2,101657406;2,00103
2,101657638;2,00231
2,10165776;2,00216
2,101658058;2,00012
2,101658304;1,99871
2,10165877;1,9966
2,101659157;1,99534
2,101659825;1,99441
2,101660354;1,99633
2,101660648;1,99618
2,101661149;1,99478
2,101661767;1,99357
2,10166236;1,99283
2,101663546;1,99209
2,101667425;1,99172
2,101765701;1,99179
2,119832269;1,99152
2,120612897;1,97834
2,121602477;1,93962
2,130153758;1,60562
2,162307411;0,349568
2,170464157;0,0309919
2,170932167;0,0127174
2,171199602;0,00228614
2,171220877;0,00148059
2,171263428;3,43383e-005
2,171284383;-6,96995e-005
2,171306191;-0,000128888
2,171321809;-0,000324251
2,171329448;-0,0023611
2,171333892;-0,00307912
2,171338174;-0,00319148
2,171340696;-0,00323597
2,171343767;-0,00333622
2,171348287;-0,0035128
2,171354173;-0,00374654
2,171363047;-0,00409575
2,171380794;-0,00479213
2,171416288;-0,00618278
2,171487276;-0,00896002
2,171629252;-0,0145089
2,176643186;-0,210331
2,198129367;-1,04938
2,221891976;-1,97694
2,222241687;-1,99039
2,222366494;-1,99476
2,222417056;-1,9958
2,22253783;-1,99614
2,241758496;-1,99619
2,24394835;-1,9962
2,243981463;-1,99628
2,243987695;-1,99651
2,243989937;-1,99683
2,243990774;-1,99717
2,243991279;-1,99762
2,243991658;-1,99856
2,24399213;-2,00068
2,24399227;-2,001
2,243993028;-2,00109
2,243993663;-2,00259
2,243994054;-2,00304
2,244023015;-2,00263
2,244147228;-2,00129
2,244313649;-2,00005
2,24433058;-2,00033
2,244335797;-2,00127
2,244339666;-2,00334
2,244341094;-1,98068
2,244341659;-1,97554
2,244342045;-1,97434
2,244342724;-1,9736
2,24441646;-1,87361
2,244999689;-1,08297
2,245771393;-0,0367769
2,245779675;-0,0256293
2,245796239;-0,00345405
2,245796751;-0,00297788
2,245797774;-0,00197582
2,245798934;-0,000922297
2,245800442;-4,40666e-006
2,245802022;0,000373603
2,245804435;0,000606275
2,245806945;0,000787104
2,245810599;0,00262484
2,245811843;0,0158195
2,245812545;0,0195591
2,245812869;0,0197266
2,245813077;0,0197594
2,245813243;0,0198673
2,245813452;0,0200995
2,245813751;0,0205027
2,245814065;0,0209424
2,245814431;0,0214462
2,245817786;0,0260206
2,245820875;0,0302258
2,245827054;0,0386262
2,245839411;0,0554046
2,245864125;0,0889317
2,247128612;1,80324
2,247210014;1,91339
2,247239164;1,95248
2,247254868;1,97243
2,247263783;1,98003
2,247272697;1,98226
2,247292879;1,9828
2,247395063;1,98427
2,24752908;1,98571
2,247683031;1,98697
2,248055587;1,9889
2,248487476;1,99
2,249235031;1,99076
2,250657241;1,99113
2,25730303;1,99131
2,319652032;1,99133
2,3331375;1,99133
2,333155419;1,99137
2,333156824;1,99149
2,333157071;1,99173
2,333157366;1,99298
2,33315762;1,9952
2,333157993;1,99877
2,333158214;2,00058
2,333158488;2,00212
2,33315865;2,00203
2,333159007;1,99968
2,333159281;1,99819
2,333159769;1,99616
2,333160241;1,99483
2,333160734;1,99457
2,333161246;1,99644
2,333161569;1,99612
2,333162054;1,99472
2,333162717;1,99345
2,33316423;1,99219
2,333168067;1,99172
2,333261154;1,99179
2,350894202;1,99154
2,35171424;1,99146
2,351882413;1,98801
2,352017216;1,98236
2,353020453;1,94331
2,364515701;1,49431
2,387973979;0,577918
2,401180881;0,0620817
2,40252055;0,00976442
2,402775663;-1,37209e-005
2,403018132;-0,00936886
2,403119325;-0,0136903
2,403219786;-0,0175459
2,408441165;-0,221469
2,439989292;-1,4534
2,452889124;-1,95692
2,453562016;-1,98305
2,453837335;-1,99343
2,453901714;-1,99534
2,453957279;-1,99602
2,454490983;-1,99615
2,474690989;-1,9962
2,475698537;-1,9962
2,47571847;-1,99632
2,475723129;-1,99652
2,475725083;-1,9968
2,475726108;-1,9972
2,475726674;-1,99786
2,475727075;-1,99924
2,475727467;-2,00092
2,475728273;-2,0011
2,475728677;-2,00185
2,475728964;-2,00271
2,475729284;-2,00302
2,475759805;-2,00262
2,475889809;-2,00124
2,476034888;-2,00013
2,476061785;-2,00017
2,476070687;-2,00098
2,476072773;-2,00222
2,47607513;-2,0049
2,476075922;-1,99041
2,47607628;-1,98306
2,476076561;-1,97911
2,47607671;-1,97788
2,476077057;-1,97648
2,476077603;-1,9754
2,476086821;-1,96284
2,476454624;-1,46422
2,477417922;-0,158283
2,477471438;-0,0857414
2,47752851;-0,00846668
2,477529523;-0,00728999
2,477531548;-0,00477214
2,477533031;-0,00298889
2,477534718;-0,00122181
2,477536545;-8,83634e-006
2,477538438;0,000408224
2,477540921;0,000630923
2,47754354;0,000817748
2,477545576;0,000981836
2,477546955;0,00568524
2,477547755;0,0168495
2,477548082;0,0185068
2,477548317;0,0187249
2,477548462;0,0187433
2,477548591;0,0188
2,477548748;0,0189437
2,477548944;0,0191867
2,47754949;0,0199431
2,47754988;0,0204789
2,477552127;0,0235455
2,477558047;0,0316064
2,477565941;0,0423341
2,477581728;0,0637629
2,477666794;0,179117
2,478897214;1,8472
2,478953579;1,92336
2,478975263;1,95237
2,478988768;1,96967
2,478997566;1,97843
2,479005839;1,98199
2,479016686;1,98257
2,47908248;1,98363
2,479182586;1,98487
2,479454861;1,98721
2,479804822;1,98894
2,480230726;1,99001
2,48098291;1,99076
2,48242008;1,99113
2,490982867;1,99132
2,554575929;1,99133
2,564710776;1,99133
2,564886036;1,99134
2,564891438;1,99144
2,564891876;1,99173
2,564892019;1,99214
2,564892302;1,994
2,564892826;1,99897
2,564893157;2,00153
2,564893289;2,00226
2,56489338;2,00235
2,564893494;2,00181
2,564893728;2,00014
2,564894197;1,99764
2,564894846;1,99529
2,564895478;1,99438
2,564895937;1,99623
2,564896235;1,99638
2,564896974;1,99444
2,564898175;1,99269
2,564899401;1,99201
2,564903394;1,99172
2,56500607;1,99179
2,581958908;1,99156
2,583154397;1,99152
2,583769637;1,98165
2,584562916;1,9506
2,595771424;1,51281
2,610357755;0,942971
2,630168918;0,169135
2,633788933;0,0277532
2,634113752;0,0150693
2,634388778;0,00433585
2,634418046;0,00320306
2,63447658;0,00095517
2,634503338;8,28002e-005
2,634524442;-6,50469e-005
2,634546854;-0,000124903
2,634565733;-0,000456557
2,634574784;-0,00280015
2,634579692;-0,0032374
2,634584136;-0,00332313
2,634587108;-0,00340324
2,634590855;-0,0035416
2,634604054;-0,00406268
2,63461757;-0,00459336
2,634644604;-0,00565298
2,634698671;-0,00776915
2,634806804;-0,0119966
2,635423256;-0,0360769
2,647320649;-0,500713
2,683196285;-1,9015
2,685293562;-1,98315
2,685556586;-1,99309
2,685612441;-1,99489
2,685664046;-1,99586
2,685852648;-1,99615
2,706417806;-1,9962
2,707362728;-1,9962
2,707380425;-1,99626
2,707389013;-1,99653
2,70739116;-1,99688
2,70739216;-1,99746
2,70739253;-1,99807
2,707392853;-1,99929
2,707393235;-2,00094
2,707394069;-2,00112
2,7073947;-2,00261
2,707395092;-2,00306
2,707423988;-2,00265
2,707547864;-2,00132
2,707713911;-2,00006
2,707727423;-2,00009
2,707736882;-2,00057
2,707738909;-2,00117
2,707741611;-2,00446
2,707742837;-2,00254
2,707743779;-1,98158
2,707743963;-1,9788
2,70774408;-1,97768
2,707744387;-1,97616
2,707744921;-1,97486
2,707748136;-1,97039
2,707946219;-1,70185
2,709041574;-0,216878
2,709123132;-0,106325
2,709163911;-0,0510682
2,709180223;-0,0289939
2,709192512;-0,0124263
2,70920043;-0,00212594
2,70920459;0,000335845
2,709208466;0,000681595
2,709212351;0,000996466
2,709213867;0,00924114
2,709215491;0,0211906
2,709215889;0,0202587
2,709216145;0,0199049
2,709216305;0,0199157
2,709216504;0,0201076
2,709216687;0,0203579
2,709216941;0,0207214
2,709217171;0,0210444
2,709217601;0,0216335
2,709221129;0,026441
2,709224687;0,0312835
2,709231802;0,0409551
2,709246033;0,0602741
2,709325767;0,168402
2,710567176;1,85138
2,710610307;1,90968
2,710636963;1,9455
2,710651774;1,96489
2,710661752;1,97621
2,710669346;1,98112
2,710676815;1,98235
2,710712475;1,98308
2,710854855;1,98493
2,711100905;1,98707
2,711458868;1,9889
2,711891053;1,99
2,71263966;1,99076
2,714062416;1,99113
2,720711031;1,99131
2,783127467;1,99133
2,796535394;1,99133
2,796565698;1,99136
2,796567751;1,99146
2,796568025;1,99162
2,796568321;1,99254
2,796568593;1,99468
2,796568933;1,99799
2,796569416;2,0018
2,796569566;2,00236
2,796569658;2,00213
2,796569963;2,00004
2,796570226;1,99856
2,796570694;1,99648
2,796571146;1,99508
2,7965717;1,9944
2,79657213;1,99622
2,796572409;1,99647
2,796573121;1,9946
2,796574208;1,99286
2,796575277;1,99214
2,796579175;1,99171
2,796675283;1,99179
2,814458418;1,99154
2,815110147;1,99146
2,815178672;1,99131
2,815243812;1,98999
2,815300716;1,98723
2,815592459;1,97591
2,818362968;1,86785
2,848133771;0,704842
2,864900482;0,0499557
2,865799946;0,0148285
2,865925078;0,00994553
2,866175341;0,000216174
2,866179531;0,000154282
2,86618791;3,25758e-005
2,866202203;-5,80836e-005
2,866216052;-9,47649e-005
2,866240727;-0,000172029
2,866243687;-0,000220815
2,866248033;-0,00108983
2,866252781;-0,00298665
2,866254447;-0,00303985
2,866256022;-0,00301847
2,866257681;-0,00303571
2,866259474;-0,00309094
2,86626306;-0,00323015
2,86626653;-0,00336965
2,866273469;-0,00364399
2,866287347;-0,00418928
2,866315104;-0,00527789
2,866370617;-0,00745126
2,866481643;-0,011792
2,867081864;-0,0352382
2,878798095;-0,4928
2,912295354;-1,80075
2,916931643;-1,98153
2,917218786;-1,99245
2,917303406;-1,99515
2,917370716;-1,99603
2,917627212;-1,99615
2,938521846;-1,9962
2,939027574;-1,9962
2,939061385;-1,99624
2,939070159;-1,99645
2,939073595;-1,99696
2,939074295;-1,99736
2,939074763;-1,99809
2,939075101;-1,99941
2,939075403;-2,00078
2,939075592;-2,00104
2,939076301;-2,00111
2,939076916;-2,00259
2,939077302;-2,00305
2,939105966;-2,00264
2,939228976;-2,00132
2,939393904;-2,00006
2,939413953;-2,00027
2,939416626;-2,00043
2,939420822;-2,00173
2,939423586;-2,00563
2,939424658;-1,9864
2,939425128;-1,97885
2,939425464;-1,97595
2,939425692;-1,97519
2,939426638;-1,97373
2,939509;-1,86202
2,940211594;-0,909556
2,940675576;-0,280536
2,940861169;-0,0289567
2,940864344;-0,024723
2,940870694;-0,016177
2,940876253;-0,00875714
2,940880843;-0,00289852
2,940883444;-0,000419711
2,940886091;0,000391603
2,94088866;0,000622494
2,940891659;0,000837784
2,940893381;0,000982735
2,940894712;0,0058905
2,9408955;0,0168226
2,940895818;0,0183843
2,94089605;0,018586
2,940896193;0,018602
2,940896322;0,0186584
2,940896478;0,0188004
2,940896675;0,0190454
2,940897219;0,0197998
2,940897608;0,0203342
2,940899857;0,0234027
2,940905767;0,0314498
2,940913646;0,0421591
2,940929406;0,0635504
2,941013698;0,177855
2,942242677;1,84399
2,942301269;1,92317
2,942323345;1,9527
2,942337054;1,97022
2,942345919;1,97881
2,942354198;1,98206
2,9423652;1,98259
2,942437567;1,98373
2,942537238;1,98495
2,942844595;1,98749
2,943183257;1,98905
2,943597955;1,99005
2,944375363;1,99079
2,945779843;1,99113
2,954447503;1,99132
3,019649258;1,99133
3,028229279;1,99133
3,02824384;1,99138
3,02824474;1,9915
3,028245003;1,99179
3,028245277;1,99305
3,028245532;1,99531
3,028245911;1,99892
3,028246239;2,00147
3,028246384;2,00228
3,028246479;2,00234
3,028246661;2,00128
3,02824694;1,99942
3,028247312;1,99753
3,028248009;1,99511
3,028248578;1,9944
3,028249018;1,99624
3,028249302;1,99643
3,028250032;1,99451
3,02825113;1,99282
3,028252258;1,99209
3,028256161;1,99172
3,028353592;1,99179
3,046244202;1,99153
3,047139396;1,98089
3,05472348;1,68466
3,083829167;0,547653
3,095720537;0,0831989
3,097759058;0,00358843
3,097815506;0,00141403
3,097928401;-0,00171336
3,097958798;-0,00430301
3,097985186;-0,00525815
3,098003697;-0,00595813
3,098056973;-0,0080425
3,098270078;-0,0163714
3,103895348;-0,236068
3,142559047;-1,7458
3,148404853;-1,97385
3,148856729;-1,99124
3,148970838;-1,99513
3,149033581;-1,99602
3,149410511;-1,99615
3,169866494;-1,9962
3,17079772;-1,9962
3,170837998;-1,99623
3,17084875;-1,99648
3,17085108;-1,99676
3,170852095;-1,9971
3,170852695;-1,9976
3,1708531;-1,99859
3,170853573;-2,00071
3,170853717;-2,00102
3,170854321;-2,00106
3,170854708;-2,00143
3,170855106;-2,00262
3,170855492;-2,00306
3,170884545;-2,00264
3,171009179;-2,0013
3,171176095;-2,00005
3,17119333;-2,00033
3,171196501;-2,00058
3,171198661;-2,00126
3,171200747;-2,00319
3,171201692;-2,00533
3,17120222;-2,006
3,171202504;-2,00179
3,171202678;-1,99659
3,17120294;-1,98748
3,17120304;-1,98471
3,171203167;-1,98208
3,171203283;-1,9804
3,171203459;-1,97861
3,171203795;-1,9767
3,171204147;-1,97571
3,171205033;-1,97431
3,171287063;-1,86305
3,172046342;-0,833737
3,172522911;-0,187658
3,172608847;-0,0711722
3,17263033;-0,0420691
3,172646443;-0,0203036
3,172649129;-0,0166914
3,1726545;-0,00952556
3,17265867;-0,00412704
3,1726614;-0,00110903
3,172663612;0,000155932
3,17266577;0,000478987
3,172668621;0,000707133
3,172671587;0,00092283
3,172673293;0,00295495
3,172674179;0,0147076
3,172674623;0,0182147
3,172674869;0,0186368
3,172675065;0,0186977
3,172675196;0,0187512
3,17267537;0,0189014
3,17267554;0,0191071
3,172675808;0,0194719
3,172676107;0,019888
3,172676494;0,020421
3,1726785;0,0231586
3,172684124;0,030817
3,172691622;0,0410088
3,172706618;0,0613657
3,17278631;0,169435
3,174028469;1,85342
3,174086574;1,93187
3,174103326;1,95421
3,174114922;1,96899
3,174122777;1,97719
3,174130564;1,98159
3,174136132;1,98236
3,174167743;1,983
3,17431366;1,98492
3,174510593;1,98671
3,174934105;1,98896
3,175357455;1,99002
3,17610586;1,99076
3,177547217;1,99113
3,1861154;1,99132
3,249837207;1,99133
3,259937887;1,99133
3,26002233;1,99134
3,260026498;1,99141
3,260027056;1,99158
3,260027335;1,99229
3,260027587;1,99405
3,260028102;1,99896
3,260028432;2,00151
3,260028568;2,00227
3,26002866;2,00235
3,260028775;2,0018
3,260029009;2,00013
3,26002948;1,99762
3,260030138;1,99526
3,260030756;1,99438
3,260031208;1,99622
3,260031502;1,9964
3,260032253;1,99444
3,260033393;1,99274
3,260034581;1,99204
3,260038519;1,99172
3,26013947;1,99179
3,276620311;1,99158
3,278695375;1,99139
3,278752564;1,99067
3,278816683;1,98769
3,279095406;1,97686
3,281553297;1,88102
3,306110121;0,921683
3,326308982;0,132713
3,329029739;0,0264535
3,32948553;0,00865782
3,329651667;0,00218443
3,329721916;-3,91767e-005
3,329789875;-0,00206984
3,329816364;-0,00444201
3,329833687;-0,00495595
3,329846018;-0,00541255
3,329881458;-0,0068008
3,329996449;-0,0112973
3,330456412;-0,0292663
3,340651207;-0,427414
3,378467306;-1,90397
3,380616066;-1,98758
3,380796433;-1,99421
3,380864116;-1,99581
3,381009671;-1,99614
3,395364075;-1,99618
3,402442546;-1,9962
3,402574967;-1,99621
3,402591823;-1,99645
3,402595289;-1,99695
3,402596224;-1,99756
3,402596538;-1,99813
3,402596817;-1,99919
3,402597215;-2,00092
3,402598046;-2,0011
3,402598676;-2,0026
3,402599067;-2,00305
3,402628187;-2,00263
3,402753051;-2,00129
3,402920285;-2,00004
3,402936361;-2,00037
3,402939961;-2,00081
3,402941497;-2,00153
3,402943545;-2,00396
3,40294451;-2,00633
3,402944987;-1,99962
3,402945244;-1,99227
3,402945395;-1,98757
3,402945525;-1,9841
3,40294564;-1,98182
3,402945771;-1,98001
3,402946014;-1,978
3,402946347;-1,9765
3,402946922;-1,97525
3,402951246;-1,96931
3,403247474;-1,56772
3,404263562;-0,190214
3,404379686;-0,0328151
3,404389057;-0,02018
3,404403883;-0,000688249
3,404409372;0,000578531
3,404414588;0,00132887
3,404416428;0,0142268
3,404417488;0,0191475
3,404417924;0,0193058
3,404418189;0,0193941
3,404418405;0,0195828
3,404418666;0,0199081
3,404419327;0,0208244
3,404420608;0,0225753
3,40442461;0,028028
3,404429198;0,0342683
3,404438372;0,046732
3,404456721;0,0716324
3,404559973;0,211639
3,405765314;1,84572
3,405818005;1,91694
3,405841823;1,94888
3,405856047;1,96734
3,405865418;1,97739
3,405873274;1,98167
3,40587899;1,98238
3,405911947;1,98303
3,406055873;1,98492
3,406270411;1,98684
3,4066684;1,98893
3,40709592;1,99001
3,407843604;1,99076
3,409274237;1,99113
3,417810152;1,99132
3,480845349;1,99133
3,49165455;1,99133
3,491761161;1,99134
3,491767595;1,99141
3,491768129;1,9916
3,491768413;1,99238
3,491768665;1,99422
3,491769191;1,99921
3,491769529;2,00175
3,491769642;2,00232
3,491769735;2,00232
3,491769923;2,00116
3,49177022;1,99923
3,491770633;1,9972
3,491771413;1,99475
3,491771855;1,99451
3,491772342;1,99643
3,491772628;1,99631
3,491773094;1,99495
3,491773657;1,99377
3,491774165;1,99305
3,49177518;1,99226
3,491777211;1,99173
3,491870743;1,99179
3,508512923;1,99157
3,511235661;1,95626
3,513129398;1,88189
3,530415977;1,20656
3,555812913;0,214508
3,560957088;0,0135984
3,561003018;0,011808
3,561094878;0,00822343
3,561278599;0,00107344
3,561338947;-8,92804e-005
3,561376468;-0,00202144
3,56137757;-0,00242022
3,561379773;-0,00286956
3,56138175;-0,00300149
3,561383345;-0,00304696
3,561385548;-0,00311554
3,561388038;-0,00320764
3,561393018;-0,00340329
3,561400533;-0,00369993
3,561414076;-0,00423226
3,561441163;-0,00529457
3,561495335;-0,00741546
3,561603681;-0,0116515
3,562198133;-0,0348726
3,57376213;-0,48649
3,603554648;-1,64981
3,612052595;-1,98132
3,612370702;-1,99337
3,612432815;-1,99521
3,612469684;-1,99584
3,612647198;-1,99615
3,633738033;-1,9962
3,63433665;-1,9962
3,634359458;-1,9963
3,634365399;-1,99655
3,634367475;-1,99693
3,634368449;-1,99755
3,634368771;-1,99813
3,634369056;-1,99923
3,634369418;-2,00086
3,634369555;-2,00106
3,634370283;-2,00113
3,634370913;-2,00263
3,634371304;-2,00307
3,634400438;-2,00266
3,634525368;-2,00131
3,634692689;-2,00005
3,634709476;-2,00027
3,634715467;-2,00109
3,634717668;-2,00249
3,634719357;-2,0062
3,634719669;-2,00174
3,634719861;-1,99604
3,63472013;-1,98686
3,634720234;-1,98413
3,634720362;-1,98164
3,634720478;-1,98006
3,634720635;-1,97856
3,634720954;-1,97676
3,634721319;-1,97571
3,634722208;-1,97429
3,634801283;-1,86705
3,635175532;-1,35972
3,636143654;-0,0472386
3,636154032;-0,0332319
3,636174786;-0,0052932
3,636182014;0,000384832
3,636188253;0,000920227
3,636190329;0,0106591
3,636192018;0,0197677
3,63619248;0,0194168
3,636192777;0,0193612
3,636192986;0,0195123
3,636193244;0,0198278
3,63619381;0,0206223
3,636194155;0,0210973
3,636197871;0,0261632
3,636201158;0,0306368
3,636207732;0,0395737
3,636220879;0,0574235
3,636247174;0,0930927
3,637530498;1,83292
3,637582597;1,9034
3,637609451;1,93953
3,637624986;1,96009
3,63763562;1,97307
3,63764297;1,9794
3,637650292;1,98206
3,63766025;1,98257
3,637725857;1,98363
3,637827286;1,98488
3,638095556;1,98719
3,638446143;1,98893
3,638873193;1,99001
3,639624693;1,99076
3,641058924;1,99113
3,649611966;1,99132
3,712999245;1,99133
3,723204959;1,99133
3,723531505;1,99134
3,723541513;1,99141
3,723542053;1,99153
3,723542309;1,99193
3,723542587;1,99347
3,723543082;1,99815
3,723543564;2,0019
3,723543691;2,00242
3,723543785;2,00218
3,723544093;2,00004
3,723544585;1,99746
3,723545319;1,99498
3,723545845;1,99444
3,72354632;1,99634
3,723546611;1,99634
3,723547291;1,99451
3,723548295;1,99292
3,723549502;1,9921
3,723553408;1,99171
3,723650569;1,99179
3,741498298;1,99154
3,742428182;1,98126
3,749688067;1,69771
3,773334336;0,773951
3,791646382;0,058699
3,792860352;0,0112908
3,793120931;0,00113507
3,793125584;0,000990501
3,793134889;0,00067237
3,79314949;0,000209497
3,793163892;-2,45993e-005
3,793177865;-7,41825e-005
3,79319935;-0,000132463
3,793219036;-0,000741639
3,793228469;-0,00314222
3,793232814;-0,00334499
3,793236199;-0,00339625
3,793240067;-0,00351833
3,793243621;-0,00365686
3,793250729;-0,00393817
3,793258399;-0,00423984
3,79327374;-0,00484167
3,793304421;-0,00604378
3,793365784;-0,00844481
3,793488509;-0,0132419
3,79803716;-0,190893
3,817560229;-0,953294
3,842383506;-1,92245
3,843726999;-1,97476
3,844189447;-1,99248
3,844276521;-1,99527
3,844335307;-1,99603
3,844873843;-1,99615
3,865250824;-1,9962
3,865908993;-1,9962
3,86592706;-1,99625
3,865934729;-1,99644
3,865938115;-1,99688
3,86593895;-1,99728
3,865939454;-1,99795
3,865939853;-1,99942
3,865940136;-2,00071
3,865940318;-2,00103
3,865940986;-2,00107
3,865941388;-2,00175
3,865941674;-2,00264
3,86594199;-2,00299
3,865970853;-2,00262
3,866094123;-2,0013
3,866259512;-2,00005
3,866278301;-2,00032
3,866282321;-2,00073
3,866284619;-2,00196
3,866287243;-2,0052
3,866287714;-1,99565
3,866287929;-1,98928
3,866288137;-1,98368
3,866288257;-1,98124
3,866288367;-1,97966
3,866288499;-1,97836
3,86628878;-1,97672
3,866289142;-1,97556
3,86629001;-1,97412
3,866362316;-1,87604
3,86687159;-1,18566
3,867652764;-0,126627
3,867689042;-0,0774701
3,867737411;-0,0119796
3,867739399;-0,00942783
3,867743376;-0,0043144
3,867745611;-0,00174879
3,867747648;-0,000162614
3,867749698;0,000381147
3,867752247;0,000618367
3,867754901;0,00080796
3,867757046;0,000979391
3,867758451;0,00586482
3,867759297;0,0172462
3,86775963;0,0186627
3,867759884;0,0188201
3,867760023;0,0188266
3,867760157;0,0188876
3,867760318;0,0190409
3,867760541;0,0193256
3,867761102;0,0201057
3,867761532;0,0206949
3,867763853;0,0238618
3,867770711;0,0331967
3,867779854;0,0456193
3,86779814;0,0704355
3,867894639;0,201287
3,869118583;1,86057
3,869169985;1,92996
3,869188278;1,95437
3,869200364;1,96974
3,869208423;1,97787
3,869216281;1,98182
3,869219281;1,98234
3,869256362;1,98307
3,869398532;1,98492
3,869654199;1,98713
3,870006769;1,98891
3,870437362;1,99001
3,871187113;1,99076
3,872613511;1,99113
3,881141106;1,99132
3,943994155;1,99133
3,955060824;1,99133
3,955109122;1,99135
3,95511144;1,99144
3,955111744;1,99158
3,955112021;1,99226
3,955112275;1,994
3,955112787;1,99888
3,955113246;2,00221
3,955113348;2,00241
3,955113468;2,00184
3,955113709;2,0001
3,955114164;1,99767
3,955114796;1,99536
3,955115507;1,99447
3,955116071;1,99632
3,95511637;1,996
3,955116882;1,99458
3,955117575;1,99333
3,955119223;1,9921
3,955123091;1,99173
3,95527095;1,99179
3,97270036;1,99155
3,974728781;1,95082
3,976578003;1,87824
4,001799951;0,89292
4,018664949;0,234163
4,023875644;0,0306534
4,024649267;0,000455492
4,0246625;0,000122734
4,024688965;-7,42915e-005
4,024690849;-7,89854e-005
4,024694615;-8,90088e-005
4,024702149;-0,000109753
4,024715229;-0,000151009
4,024724707;-0,000258116
4,024729634;-0,00154476
4,024734566;-0,00306815
4,024736419;-0,00306771
4,024738361;-0,00305376
4,024740222;-0,00309125
4,02474284;-0,00318509
4,024751691;-0,00353794
4,024760169;-0,00387179
4,024777125;-0,00453745
4,024811038;-0,00586663
4,024878863;-0,00852062
4,025014512;-0,0138226
4,029787891;-0,20025
4,050220364;-0,99816
4,074727379;-1,9549
4,075491616;-1,98457
4,075693077;-1,99221
4,075752211;-1,99425
4,075800139;-1,9955
4,075852355;-1,99604
4,076126491;-1,99615
4,097131325;-1,9962
4,097383246;-1,9962
4,097406293;-1,9963
4,09741229;-1,99654
4,097414388;-1,99691
4,097415147;-1,99731
4,09741563;-1,99797
4,097416046;-1,99954
4,097416319;-2,00077
4,097416499;-2,00104
4,097417212;-2,00111
4,097417863;-2,00265
4,097418258;-2,00306
4,097449102;-2,00261
4,097536816;-2,00163
4,097726841;-2,00011
4,09775364;-2,00046
4,097759862;-2,00288
4,097762747;-1,99848
4,097764448;-1,97848
4,097765061;-1,97588
4,097765735;-1,97574
4,097766636;-1,97472
4,097848596;-1,86357
4,098410977;-1,10119
4,099065471;-0,213895
4,099205987;-0,0234325
4,099208487;-0,0201309
4,099213485;-0,0134297
4,099217703;-0,00783195
4,099221505;-0,00301966
4,099224057;-0,000519885
4,099226499;0,000347808
4,099228884;0,00058201
4,09923197;0,00080816
4,099234024;0,000969329
4,099235473;0,00563194
4,099236291;0,0168139
4,099236627;0,0184745
4,099236871;0,0186941
4,099237018;0,0187152
4,09923715;0,0187775
4,099237311;0,0189284
4,099237516;0,0191858
4,099238072;0,0199572
4,099238476;0,0205115
4,099240898;0,0238165
4,099247216;0,0324177
4,09925564;0,0438645
4,099272488;0,0667307
4,099363706;0,190424
4,10052693;1,76743
4,100634021;1,91239
4,100660596;1,94803
4,100671866;1,96277
4,100680028;1,97258
4,100686799;1,97871
4,100693618;1,98184
4,100698615;1,9824
4,100729713;1,983
4,100875895;1,98492
4,101077115;1,98674
4,101345408;1,98835
4,101706425;1,98959
4,102150424;1,99035
4,103121259;1,99095
4,105641313;1,99123
4,128535466;1,99133
4,185773325;1,99133
4,186553016;1,99133
4,186574976;1,99138
4,186576088;1,99151
4,186576375;1,99195
4,186576635;1,99338
4,186577126;1,99802
4,186577582;2,00166
4,186577786;2,00227
4,186577893;2,00188
4,186578238;1,99955
4,186578579;1,99777
4,186579179;1,99552
4,186579803;1,99433
4,186580237;1,99597
4,186580433;1,99654
4,186580684;1,99631
4,186581188;1,9949
4,186581868;1,99354
4,186582598;1,99268
4,186584059;1,99193
4,186588199;1,99172
4,186694878;1,99179
4,204507953;1,99154
4,205622188;1,97387
4,215762799;1,57772
4,234905237;0,829897
4,251261692;0,191014
4,255574391;0,0225783
4,255798874;0,013814
4,256098185;0,00213796
4,256120996;0,00127758
4,256166618;-3,58568e-005
4,256190261;-9,87295e-005
4,256212946;-0,000212537
4,256223387;-0,00221818
4,256230146;-0,00318801
4,256234165;-0,00323353
4,256237006;-0,00328866
4,256240314;-0,00340349
4,256245491;-0,00360786
4,256251131;-0,0038316
4,256262254;-0,00426885
4,256284499;-0,00514129
4,256328988;-0,00688352
4,256417968;-0,0103633
4,256951845;-0,0312195
4,267146055;-0,429344
4,305386868;-1,92247
4,306830793;-1,97867
4,307207182;-1,99301
4,307270095;-1,99501
4,307322861;-1,99592
4,307581016;-1,99615
4,328868002;-1,9962
4,329052736;-1,99622
4,329065377;-1,99641
4,32906919;-1,99684
4,3290701;-1,99723
4,329070655;-1,99792
4,329071041;-1,9993
4,329071398;-2,00087
4,329071541;-2,00105
4,329072247;-2,00112
4,329072712;-2,0021
4,329073063;-2,00293
4,329074073;-2,00309
4,329112093;-2,00253
4,329225852;-2,00132
4,329391321;-2,00006
4,329411388;-2,00027
4,329414064;-2,00043
4,329418261;-2,0017
4,32942108;-2,00549
4,329422165;-1,98598
4,329422646;-1,97851
4,329422967;-1,97587
4,32942319;-1,97514
4,329424153;-1,97366
4,329509212;-1,8583
4,330160551;-0,975324
4,330765276;-0,155504
4,33081927;-0,0823228
4,330846266;-0,0457504
4,330857065;-0,0311407
4,330878662;-0,00217101
4,330885767;0,000599879
4,330889871;0,000980189
4,330891607;0,011074
4,330892738;0,0181403
4,330893137;0,0182358
4,330893421;0,0182474
4,330893606;0,0183677
4,330893847;0,0186394
4,330894182;0,0190942
4,330894488;0,0195235
4,330894898;0,0200895
4,33089678;0,0226581
4,330901663;0,0293106
4,330908174;0,0381641
4,330921197;0,0558461
4,330945758;0,0891644
4,33221657;1,81204
4,332297397;1,92137
4,332322166;1,95451
4,332336685;1,97279
4,33234003;1,97574
4,332342666;1,97786
4,332345668;1,97981
4,332351673;1,98202
4,332359767;1,98253
4,332410282;1,98338
4,332581383;1,98543
4,332949362;1,98809
4,333293355;1,9894
4,333835987;1,99039
4,334743044;1,99094
4,33737042;1,99124
4,360603643;1,99133
4,417815676;1,99133
4,418207074;1,99134
4,418216148;1,99141
4,41821673;1,99157
4,418217006;1,99223
4,418217262;1,99397
4,418217771;1,99883
4,418217992;2,00063
4,418218224;2,0021
4,418218384;2,0022
4,418218805;1,99949
4,418219154;1,99769
4,418219741;1,9955
4,418220387;1,99433
4,418220821;1,99604
4,418221112;1,99653
4,418221756;1,99487
4,418222481;1,99345
4,418223253;1,9926
4,418224797;1,99188
4,418229052;1,99173
4,418338996;1,99179
4,436410486;1,99152
4,436656452;1,99149
4,436830877;1,99062
4,436902196;1,98811
4,4369834;1,98473
4,437461876;1,96615
4,438343643;1,93178
4,451335098;1,4243
4,474404237;0,523124
4,486810221;0,0385722
4,487684072;0,00444925
4,487744774;0,00209816
4,487846777;-0,000514725
4,487875498;-0,00303504
4,487900104;-0,00402994
4,487918545;-0,00470056
4,48793662;-0,00540511
4,487969534;-0,00669447
4,488024423;-0,00884161
4,488134201;-0,0131325
4,488792867;-0,0388613
4,501643495;-0,540722
4,53674715;-1,91134
4,538494667;-1,97938
4,538843176;-1,99267
4,538919132;-1,99508
4,538946232;-1,99563
4,539013941;-1,99614
4,545213726;-1,99616
4,56052795;-1,9962
4,560616965;-1,99623
4,560627502;-1,99647
4,560629871;-1,99673
4,560630969;-1,99707
4,560631591;-1,99754
4,560632008;-1,9985
4,560632521;-2,00081
4,560632674;-2,00104
4,560633345;-2,00107
4,560633746;-2,00173
4,560634032;-2,00263
4,560634349;-2,00299
4,560662885;-2,00263
4,560784904;-2,00132
4,560961988;-2,00004
4,560975272;-2,00072
4,5609788;-2,00355
4,560980768;-1,99739
4,56098201;-1,97728
4,560982447;-1,97396
4,560982698;-1,97359
4,560983003;-1,97357
4,560984211;-1,97211
4,561094816;-1,82214
4,562372284;-0,090304
4,562380866;-0,0786936
4,56239803;-0,0554369
4,562432357;-0,00901353
4,562436984;-0,00326216
4,562438922;-0,00120013
4,562440956;7,38655e-005
4,562442938;0,000439764
4,562445555;0,000661599
4,562448296;0,000856721
4,562449926;0,00100269
4,562451188;0,00636889
4,562452123;0,0183055
4,562452447;0,0190279
4,562452823;0,01893
4,562452954;0,0189774
4,56245311;0,0191266
4,562453324;0,0194025
4,562453849;0,0201359
4,562454279;0,0207261
4,562456351;0,0235515
4,562463095;0,032733
4,562472087;0,0449523
4,562487676;0,0661088
4,562530667;0,124411
4,563741969;1,76661
4,563850318;1,91331
4,563878269;1,95079
4,563894462;1,97152
4,563900287;1,97681
4,563903194;1,97896
4,563908915;1,98168
4,56391317;1,98233
4,563938693;1,98289
4,564057794;1,98454
4,564223127;1,98619
4,564585087;1,98845
4,565013277;1,98979
4,565441488;1,99043
4,566396544;1,99097
4,569159619;1,99125
4,593895472;1,99133
4,649475792;1,99133
4,649539701;1,99136
4,649541854;1,99146
4,649542115;1,99162
4,649542419;1,99263
4,649542682;1,99474
4,649543024;1,99806
4,649543565;2,00218
4,649543646;2,00242
4,649543746;2,00214
4,649544059;1,99995
4,649544345;1,99837
4,649544833;1,99628
4,649545336;1,99484
4,649545794;1,99444
4,649546233;1,99631
4,649546503;1,99648
4,649547181;1,99465
4,64954824;1,99292
4,649549221;1,9922
4,649551184;1,99173
4,649691758;1,99179
4,667559716;1,99153
4,668441914;1,98066
4,672332316;1,82872
4,69840054;0,810345
4,715227795;0,153078
4,719109929;0,00146052
4,719165654;-4,81303e-005
4,719277103;-0,00468311
4,719323345;-0,00700019
4,719373091;-0,00881589
4,719420103;-0,0106488
4,719577724;-0,0168083
4,724530478;-0,210241
4,746084478;-1,05194
4,769289899;-1,95783
4,770696288;-1,99615
4,79122844;-1,9962
4,791821724;-1,9962
4,791839583;-1,99629
4,791845698;-1,99653
4,791847844;-1,99688
4,791848592;-1,99722
4,791849038;-1,99765
4,791849404;-1,99858
4,791849872;-2,00068
4,791850018;-2,001
4,791850625;-2,00103
4,791851009;-2,00141
4,791851406;-2,00259
4,791851792;-2,00303
4,791881056;-2,00261
4,79200653;-2,00127
4,792174505;-2,00003
4,792188875;-2,00047
4,792190194;-2,00061
4,792192831;-2,0017
4,79219489;-2,00481
4,792195824;-2,00444
4,792196372;-1,99226
4,792196578;-1,98648
4,792196815;-1,98132
4,792196936;-1,97959
4,792197178;-1,97763
4,792197476;-1,97638
4,792198051;-1,9751
4,792202167;-1,96945
4,79248427;-1,587
4,793512487;-0,193056
4,793634843;-0,0272119
4,793644156;-0,0146826
4,793646485;-0,0116028
4,793651141;-0,0055051
4,793653951;-0,00212596
4,793656126;-0,000277819
4,793658349;0,000373536
4,793661141;0,000633304
4,793663841;0,00082375
4,793665718;0,000975523
4,793667072;0,00518693
4,793667799;0,0158634
4,793668153;0,0182152
4,793668379;0,0185378
4,793668536;0,0185742
4,79366866;0,0186224
4,79366882;0,018757
4,793668988;0,0189589
4,793669247;0,0193106
4,79366954;0,0197186
4,793669915;0,0202345
4,793671831;0,0228497
4,793677218;0,0301869
4,7936844;0,039951
4,793698765;0,0594528
4,793774411;0,162037
4,794998318;1,82131
4,795070967;1,91955
4,795093484;1,94973
4,795107044;1,96729
4,795116076;1,97705
4,795123787;1,98151
4,795129675;1,98235
4,795161933;1,98301
4,795306754;1,98492
4,795509108;1,98675
4,795778351;1,98836
4,796140032;1,98959
4,796583275;1,99035
4,797554506;1,99095
4,80007904;1,99123
4,823002798;1,99133
4,880442299;1,99133
4,881000599;1,99134
4,881012086;1,99139
4,881012834;1,99157
4,88101311;1,99224
4,881013366;1,99398
4,881013875;1,99884
4,881014323;2,00209
4,881014484;2,00221
4,881014903;1,99951
4,881015247;1,99774
4,88101583;1,99554
4,881016456;1,99433
4,881016895;1,99596
4,881017095;1,99655
4,881017354;1,99629
4,881017863;1,99486
4,881018554;1,9935
4,881019271;1,99267
4,881020706;1,99194
4,881024826;1,99173
4,881130851;1,99179
4,899132471;1,99153
4,899404427;1,9915
4,899604013;1,99099
4,899689569;1,98832
4,899860595;1,98135
4,900997549;1,93709
4,910049885;1,58351
4,928885329;0,847683
4,944888529;0,222595
4,950084289;0,01967
4,950296182;0,0113967
4,950455101;0,00519921
4,950535365;0,00208071
4,950579284;0,000432313
4,950606256;-4,7365e-005
4,950630894;-0,000112704
4,950653712;-0,000507294
4,950663599;-0,00286824
4,950668616;-0,00324034
4,950673551;-0,00335424
4,950677336;-0,0034725
4,950681445;-0,00362927
4,950689663;-0,00395343
4,95069801;-0,00428185
4,950714705;-0,00493681
4,950748096;-0,00624486
4,950814877;-0,00885751
4,950948438;-0,0140777
4,955798201;-0,203488
4,976613214;-1,01634
5,000752661;-1,95871
5,00153081;-1,98886
5,001685464;-1,99443
5,001717495;-1,99527
5,00176765;-1,99598
5,002108185;-1,99615
5,019960944;-1,99619
5,023311225;-1,9962
5,023359169;-1,99625
5,023366517;-1,99644
5,023369923;-1,99687
5,023370706;-1,99721
5,023371159;-1,99764
5,023371524;-1,99855
5,023372044;-2,00083
5,023372182;-2,00102
5,02337291;-2,00109
5,023373542;-2,00261
5,023373934;-2,00304
5,02340354;-2,00261
5,0235304;-2,00126
5,023700194;-2,00004
5,02371051;-2,00036
5,023713614;-2,00067
5,023714855;-2,00108
5,023717338;-2,00337
5,023718563;-2,00641
5,02371915;-1,99853
5,023719639;-1,98498
5,023719768;-1,9821
5,023719877;-1,98034
5,023720009;-1,97888
5,023720253;-1,97727
5,023720589;-1,976
5,023721204;-1,97481
5,023737041;-1,95328
5,024263362;-1,23976
5,024973459;-0,277085
5,02514054;-0,0505916
5,025171885;-0,00819471
5,025197466;0,0209813
5,025205754;0,0385818
5,02520934;0,0426929
5,025210969;0,0448494
5,025216551;0,0524302
5,025229592;0,070126
5,025281758;0,140871
5,026510298;1,80643
5,026572639;1,89084
5,026619086;1,95323
5,026631838;1,96952
5,026640243;1,97802
5,026648311;1,98189
5,026651329;1,98236
5,026691117;1,98312
5,026833128;1,98495
5,027134564;1,98745
5,027473158;1,98903
5,027888753;1,99004
5,028648475;1,99078
5,030101117;1,99114
5,038760267;1,99132
5,104153894;1,99133
5,112521115;1,99133
5,112539379;1,99138
5,112540396;1,99152
5,112540676;1,99195
5,112540938;1,9934
5,112541429;1,99805
5,112541933;2,00197
5,112542052;2,00239
5,112542138;2,00219
5,112542439;2,00012
5,112542903;1,99765
5,112543548;1,99531
5,112544185;1,99438
5,112544647;1,99623
5,112544946;1,99637
5,112545685;1,99443
5,112546903;1,99267
5,112548143;1,99199
5,112552152;1,99173
5,112655412;1,99179
5,129826714;1,99156
5,130904286;1,99151
5,131430841;1,98114
5,132067882;1,95614
5,137276459;1,75276
5,169091546;0,509914
5,180664855;0,0578858
5,181901518;0,00959024
5,182030826;0,00454844
5,182189383;-0,00076707
5,18223689;-0,00355118
5,182283551;-0,00534321
5,182330624;-0,00716183
5,182469149;-0,0125766
5,183023249;-0,0342217
5,194722861;-0,491135
5,224796448;-1,66542
5,232638181;-1,97141
5,233189565;-1,99257
5,233241523;-1,99433
5,233288063;-1,99552
5,233338661;-1,99604
5,233918081;-1,99615
5,254162224;-1,9962
5,255064842;-1,9962
5,255111747;-1,99624
5,255120299;-1,99643
5,255123997;-1,99687
5,255124766;-1,99722
5,255125221;-1,99765
5,255125586;-1,99855
5,255126106;-2,00084
5,255126242;-2,00104
5,255126974;-2,00111
5,255127605;-2,00262
5,255127996;-2,00306
5,255157416;-2,00263
5,255283526;-2,00128
5,255452342;-2,00003
5,255467923;-2,00051
5,255469206;-2,00068
5,255472251;-2,00239
5,255473207;-2,00339
5,255474301;-2,00653
5,255474513;-2,00498
5,255474708;-2,00049
5,255474955;-1,99164
5,255475078;-1,98758
5,255475195;-1,9845
5,255475321;-1,98208
5,255475453;-1,98029
5,25547559;-1,97897
5,255475928;-1,97705
5,255476306;-1,97598
5,255477549;-1,97411
5,255602412;-1,80481
5,256802817;-0,177443
5,256901929;-0,0431017
5,256912449;-0,0288848
5,256933487;-0,000835842
5,256933898;-0,000654459
5,256934722;-0,000286451
5,256936369;0,000243257
5,256938187;0,000481553
5,256941822;0,000772289
5,256945529;0,00179904
5,25694687;0,0147424
5,256947643;0,019502
5,256947988;0,0196924
5,25694821;0,0197074
5,256948371;0,0197989
5,256948584;0,0200271
5,25694885;0,0203832
5,256949185;0,020851
5,256949509;0,0212997
5,2569513;0,0237426
5,256955614;0,0296176
5,256961366;0,0374389
5,25697287;0,0530607
5,256995877;0,0842749
5,258282791;1,82898
5,258352585;1,92333
5,258373457;1,95126
5,258386377;1,96792
5,258395021;1,97714
5,258403376;1,98173
5,258406241;1,9823
5,258424913;1,98274
5,258529676;1,98427
5,258665386;1,98572
5,258819228;1,98697
5,259189275;1,98889
5,259622077;1,99
5,260369537;1,99076
5,261790279;1,99113
5,268432563;1,99131
5,330696868;1,99133
5,344245038;1,99133
5,344296738;1,99135
5,344299047;1,99143
5,344299519;1,99166
5,344299668;1,99201
5,344299951;1,99373
5,344300455;1,99852
5,344300679;2,00039
5,344300933;2,00207
5,344301111;2,00216
5,344301533;1,99943
5,344301904;1,99755
5,344302512;1,99536
5,344303225;1,99451
5,344303785;1,99633
5,344304084;1,996
5,344304596;1,99458
5,344305291;1,99333
5,344306943;1,9921
5,344310813;1,99173
5,344458886;1,99179
5,361172278;1,99157
5,362863972;1,99149
5,363220423;1,98338
5,363569472;1,96953
5,365724084;1,88549
5,390876399;0,902894
5,41123007;0,107882
5,41377305;0,00856807
5,413842958;0,00584474
5,413982774;0,00043282
5,414030579;-0,000100855
5,414061798;-0,00160694
5,414062689;-0,00206113
5,414064469;-0,00267291
5,4140675;-0,00301179
5,41406905;-0,00302447
5,414070896;-0,00305511
5,414072875;-0,00311803
5,414076833;-0,00327113
5,414081231;-0,00344667
5,414089142;-0,0037588
5,414104963;-0,0043802
5,414136605;-0,00562072
5,41419989;-0,00809751
5,414326459;-0,013045
5,418821752;-0,188613
5,438054963;-0,939695
5,463330215;-1,92649
5,464900553;-1,98753
5,465076719;-1,99401
5,465121253;-1,99526
5,46517471;-1,996
5,465384765;-1,99615
5,486328807;-1,9962
5,486756669;-1,9962
5,486777509;-1,9963
5,486783299;-1,99656
5,48678533;-1,99696
5,486786207;-1,99752
5,486786569;-1,99819
5,486786851;-1,99931
5,486787222;-2,00093
5,486788028;-2,0011
5,486788432;-2,00185
5,486788719;-2,00271
5,486789038;-2,00302
5,486819439;-2,00262
5,486948936;-2,00124
5,487093501;-2,00013
5,487119629;-2,00008
5,48712988;-2,00057
5,487132049;-2,00122
5,487134942;-2,00565
5,487135894;-2,00122
5,487136654;-1,98424
5,487136907;-1,97946
5,487137064;-1,97764
5,487137303;-1,9764
5,487137717;-1,97535
5,487138705;-1,97381
5,487224548;-1,85739
5,487763722;-1,12648
5,488499195;-0,129403
5,488540812;-0,0729961
5,488585116;-0,0130179
5,488602583;0,00365818
5,48860998;0,0216798
5,488612823;0,0247095
5,488614168;0,0263718
5,488615465;0,0281273
5,488618146;0,0317809
5,488626423;0,0430285
5,488637459;0,05801
5,488703676;0,147814
5,489960834;1,85215
5,490014639;1,92483
5,490035201;1,95233
5,490048269;1,96909
5,490056866;1,97789
5,490065072;1,98188
5,490068058;1,98236
5,490107453;1,98311
5,490249213;1,98494
5,490543048;1,9874
5,490881344;1,989
5,491302499;1,99003
5,49206098;1,99077
5,493520411;1,99114
5,502162858;1,99132
5,567458405;1,99133
5,57587994;1,99133
5,575952876;1,99136
5,575954568;1,99145
5,575954852;1,9916
5,575955136;1,99238
5,575955389;1,99423
5,575955915;1,99922
5,575956254;2,00177
5,575956366;2,00232
5,575956457;2,00232
5,575956845;1,99979
5,575957159;1,9981
5,575957718;1,99585
5,575958255;1,99453
5,575958606;1,99467
5,575959053;1,99648
5,575959327;1,99638
5,575959969;1,99458
5,575960845;1,9931
5,575961867;1,99227
5,575963837;1,99173
5,576096304;1,99179
5,593898774;1,99154
5,594496305;1,99147
5,5945708;1,99134
5,594641644;1,98996
5,594699947;1,98713
5,594826233;1,98223
5,595954145;1,93832
5,6045423;1,60288
5,636970558;0,336102
5,644835951;0,0289062
5,64522922;0,0135503
5,645428801;0,00576146
5,645478696;0,00381953
5,645578486;4,76977e-005
5,645616259;-0,000105538
5,645644069;-0,00117446
5,645645022;-0,0016977
5,645646929;-0,00254343
5,645648224;-0,00279122
5,64564958;-0,00288023
5,645652477;-0,00296439
5,64565473;-0,00304455
5,645659236;-0,0032206
5,645665805;-0,00348057
5,645676609;-0,00390582
5,645698216;-0,004754
5,64574143;-0,00644698
5,645827858;-0,0098275
5,646000714;-0,0165821
5,651720757;-0,239979
5,693157361;-1,85797
5,696136392;-1,9741
5,696599396;-1,99188
5,696682562;-1,99474
5,696742976;-1,9959
5,696954694;-1,99615
5,71409149;-1,99619
5,71836311;-1,9962
5,718466196;-1,99622
5,718479143;-1,99644
5,718482653;-1,99693
5,718483395;-1,99733
5,718483878;-1,99804
5,718484243;-1,99945
5,718484549;-2,00086
5,718484714;-2,00104
5,718485412;-2,0011
5,718485877;-2,00208
5,718486224;-2,0029
5,718487226;-2,00307
5,718524825;-2,00251
5,718637738;-2,00132
5,718802366;-2,00007
5,718822356;-2,00024
5,718826971;-2,00057
5,718829608;-2,00155
5,718832182;-2,00675
5,718833185;-1,99463
5,718833721;-1,98305
5,718833982;-1,97874
5,71883414;-1,97716
5,718834409;-1,97589
5,718834939;-1,97468
5,718837232;-1,97147
5,718969113;-1,79266
5,720006024;-0,386941
5,720224734;-0,090447
5,720279411;-0,0163696
5,72028428;-0,00992623
5,720292629;-1,24631e-005
5,720296317;0,000518579
5,720299736;0,000769608
5,720301878;0,000941706
5,720303368;0,00644923
5,720304772;0,0199224
5,720305181;0,0195013
5,720305422;0,0191676
5,720305567;0,0191253
5,72030576;0,0192578
5,720305957;0,0195045
5,720306419;0,0201593
5,720306745;0,0206103
5,720309821;0,0248039
5,720312599;0,0285873
5,720318155;0,0361443
5,720329267;0,0512363
5,720351492;0,08139
5,721621356;1,80299
5,721696407;1,90458
5,721726039;1,94442
5,721742698;1,96623
5,721749987;1,97417
5,721753815;1,97761
5,721758926;1,98076
5,721765046;1,98229
5,721779278;1,98268
5,721864961;1,98398
5,721978378;1,98528
5,722327994;1,98792
5,722673126;1,9893
5,723127364;1,99023
5,723993955;1,99088
5,725554934;1,99117
5,737332442;1,99133
5,806067461;1,99133
5,806978199;1,99134
5,806988779;1,99137
5,806989921;1,99152
5,806990199;1,99199
5,806990471;1,99357
5,806990965;1,99826
5,806991457;2,00203
5,806991553;2,0024
5,806991644;2,00224
5,80699194;2,0002
5,806992394;1,99775
5,806993006;1,99546
5,806993757;1,99447
5,806994336;1,9963
5,80699464;1,99593
5,806995159;1,99451
5,806995884;1,99325
5,806997558;1,99208
5,807001478;1,99174
5,807152592;1,99179
5,824241713;1,99156
