-0,1425638017;0,000467338
0,2684367112;0,000467337
0,3877728272;0,000467235
0,5071089432;0,000459562
0,5793863775;0,000441631
0,6517244327;0,000389016
0,709206477;0,00028792
0,7636512836;8,25367e-005
0,8156718687;-0,000322956
0,8709195918;-0,00123726
0,9226171555;-0,00301701
0,976341375;-0,00687456
1,033088024;-0,015845
1,090017545;-0,0361663
1,148227674;-0,0839055
1,192709268;-0,15213
1,227620169;-0,22773
1,262963796;-0,32354
1,300619046;-0,456678
1,354638324;-0,769998
1,361254427;-0,820932
1,374486634;-0,932617
1,378621699;-0,971154
1,380689231;-0,990961
1,381522809;-0,99937
1,381537019;-0,999237
1,381542013;-0,999033
1,381546338;-0,998588
1,381550331;-0,997578
1,381551283;-0,997173
1,381553187;-0,995778
1,381554455;-0,99371
1,38155467;-0,993161
1,381555209;-0,991225
1,381555425;-0,990065
1,381555856;-0,985919
1,38155591;-0,985104
1,381556017;-0,983097
1,381556232;-0,975376
1,381556371;-0,9617
1,381556514;-0,927276
1,381556663;-0,857077
1,381556786;-0,767906
1,381556913;-0,653155
1,381557049;-0,515875
1,381557243;-0,307599
1,381557434;-0,0941983
1,381557817;0,327705
1,381557957;0,379908
1,381558088;0,395738
1,381558148;0,401044
1,381558232;0,406273
1,381558334;0,411552
1,381558455;0,417116
1,381558695;0,42703
1,381559177;0,446317
1,38155989;0,506385
1,381560314;0,784126
1,381560729;0,943305
1,381561021;0,971854
1,381561399;0,977865
1,381561759;0,977201
1,381562395;0,978867
1,381563431;0,984571
1,381565503;0,992749
1,381568483;0,998252
1,381571625;1,00062
1,381577039;1,00209
1,38158204;1,00234
1,381606335;1,00224
1,382338956;1,00228
1,403854974;1,00236
1,426065057;1,00235
1,501827143;1,00153
1,516132586;1,001
1,518039979;1,00084
1,521854763;0,998163
1,521932313;0,99785
1,522087412;0,996617
1,522126187;0,996083
1,522203736;0,994505
1,522223124;0,993916
1,522261899;0,992277
1,522271592;0,991705
1,522295827;0,989748
1,52230552;0,988616
1,522322421;0,985468
1,52233434;0,980976
1,522336109;0,979994
1,522339647;0,977578
1,522345282;0,971175
1,522349847;0,960017
1,522353838;0,937633
1,522357747;0,891003
1,522360885;0,818958
1,522361393;0,803241
1,52236241;0,767204
1,522363951;0,692353
1,522365525;0,564945
1,522365729;0,543418
1,522366138;0,495157
1,522366663;0,414898
1,522366757;0,397652
1,522366944;0,359888
1,522367218;0,290358
1,522367397;0,228471
1,522367584;0,125676
1,522367764;-0,0215584
1,522367938;-0,193348
1,522368122;-0,370928
1,522368229;-0,439844
1,522368286;-0,451467
1,522368323;-0,457145
1,522368366;-0,462656
1,522368427;-0,468989
1,522368549;-0,47932
1,522368677;-0,489479
1,522368819;-0,501657
1,522368966;-0,516592
1,522369138;-0,552286
1,522369326;-0,693611
1,522369511;-0,816851
1,522369724;-0,897791
1,522370001;-0,945239
1,522370266;-0,961272
1,522370644;-0,969063
1,522371098;-0,973123
1,5223719;-0,978994
1,522373392;-0,987253
1,522376377;-0,995713
1,522379599;-0,999353
1,522384195;-1,00117
1,522388854;-1,00157
1,522416594;-1,00134
1,525292256;-1,00138
1,595181226;-1,00152
1,60985385;-1,00139
1,610340773;-1,00128
1,61041205;-1,00052
1,610427936;-0,999924
1,610435224;-0,999215
1,610437091;-0,998705
1,610439728;-0,997236
1,610440484;-0,99653
1,610441678;-0,994651
1,610442206;-0,993227
1,610442832;-0,990057
1,610442917;-0,989384
1,610443088;-0,987707
1,610443366;-0,982866
1,610443525;-0,977028
1,61044367;-0,964322
1,610443802;-0,935364
1,610443946;-0,874445
1,61044408;-0,782563
1,610444196;-0,679891
1,61044433;-0,547615
1,610444496;-0,370977
1,610444687;-0,160719
1,610445013;0,206429
1,610445055;0,251806
1,61044514;0,335221
1,610445187;0,360304
1,610445238;0,374011
1,610445271;0,380283
1,610445323;0,387678
1,61044539;0,395477
1,610445457;0,401221
1,610445531;0,405692
1,610445627;0,410746
1,610445748;0,416471
1,610445991;0,426564
1,610446476;0,446008
1,610447167;0,500532
1,610447596;0,76937
1,610448018;0,940677
1,610448302;0,970466
1,610448687;0,977774
1,610449033;0,977153
1,610449668;0,978694
1,610450633;0,984036
1,610452562;0,992044
1,610455456;0,99784
1,610458545;1,00042
1,610463836;1,00203
1,610469063;1,00235
1,610492548;1,00224
1,611185222;1,00228
1,631428801;1,00235
1,6523254;1,00237
1,730611546;1,00149
1,746738013;1,00097
1,750097693;1,00054
1,751441566;0,9999
1,751861526;0,999129
1,752071506;0,99818
1,752155498;0,997532
1,752323482;0,994873
1,752371968;0,993196
1,752391363;0,992275
1,752430152;0,988935
1,752442538;0,98703
1,752455237;0,983785
1,752465153;0,978775
1,752466681;0,977627
1,752469738;0,974778
1,752474581;0,96714
1,752478803;0,952406
1,752482754;0,921359
1,752486545;0,859595
1,752489065;0,785598
1,752489363;0,774609
1,752489959;0,750746
1,752491152;0,690994
1,752492474;0,592845
1,752492683;0,57323
1,752493102;0,529674
1,752493776;0,43679
1,752493875;0,420106
1,752494072;0,383753
1,752494405;0,305466
1,752494603;0,240993
1,7524948;0,138686
1,75249499;-0,0139353
1,752495156;-0,176578
1,75249533;-0,346606
1,752495444;-0,433963
1,752495498;-0,44758
1,752495535;-0,453987
1,752495578;-0,459954
1,752495628;-0,465865
1,75249573;-0,475014
1,752495846;-0,484386
1,752495978;-0,495101
1,75249614;-0,509923
1,752496287;-0,529868
1,752496481;-0,623992
1,752496713;-0,799684
1,752496936;-0,893099
1,752497189;-0,941103
1,752497465;-0,960386
1,752497805;-0,968154
1,752498258;-0,972487
1,752498966;-0,977797
1,752500359;-0,986037
1,752503136;-0,99482
1,752506317;-0,998965
1,752510697;-1,00102
1,752515324;-1,00154
1,752541456;-1,00135
1,757184717;-1,00138
1,820494481;-1,00153
1,838586934;-1,00145
1,840670797;-1,0013
1,840751567;-1,00114
1,840788442;-1,00051
1,840799859;-1,00003
1,840805567;-0,99961
1,840807851;-0,999312
1,840810009;-0,998723
1,84081271;-0,997044
1,840813752;-0,995809
1,840814676;-0,993868
1,840815148;-0,992176
1,840815646;-0,988833
1,840815721;-0,988063
1,84081587;-0,986127
1,840816098;-0,980914
1,84081624;-0,973974
1,840816369;-0,959057
1,840816512;-0,92021
1,84081666;-0,844407
1,840816776;-0,75663
1,840816921;-0,62177
1,840817069;-0,469806
1,84081725;-0,273787
1,840817472;-0,024837
1,840817688;0,217439
1,840817854;0,360816
1,840817926;0,378227
1,840817981;0,386463
1,840818042;0,393804
1,840818114;0,400428
1,840818197;0,405582
1,840818287;0,410346
1,840818408;0,416057
1,840818648;0,42611
1,840819129;0,445324
1,840820003;0,558517
1,840820451;0,859618
1,840820887;0,967058
1,840821222;0,980798
1,840822051;0,978416
1,840822829;0,981356
1,840824385;0,988962
1,840826467;0,995102
1,840830136;0,9998
1,840833583;1,00139
1,840838311;1,00213
1,84084998;1,00228
1,844731927;1,00229
1,87162258;1,00238
1,937561867;1,00177
1,972370769;1,00115
1,981023199;0,99874
1,981293587;0,996897
1,981361184;0,996099
1,981496379;0,991743
1,981506875;0,991054
1,981531454;0,988731
1,981538627;0,98774
1,981552972;0,984726
1,981564139;0,980062
1,981565744;0,979072
1,981568955;0,976654
1,98157444;0,969721
1,981578929;0,957147
1,981582937;0,931193
1,981586838;0,877782
1,981589708;0,804049
1,981590213;0,786755
1,981591222;0,746887
1,981592669;0,668292
1,981594167;0,530292
1,981594349;0,508245
1,981594715;0,458727
1,981595128;0,387604
1,981595212;0,370348
1,981595381;0,332458
1,981595607;0,268867
1,981595777;0,202897
1,981595967;0,081696
1,981596098;-0,0332578
1,981596253;-0,188053
1,981596429;-0,360057
1,981596535;-0,435968
1,981596588;-0,448433
1,981596624;-0,454489
1,981596666;-0,460201
1,981596719;-0,466327
1,981596827;-0,475834
1,981596952;-0,485856
1,981597089;-0,497115
1,981597236;-0,51075
1,981597403;-0,535769
1,981597599;-0,64996
1,981597811;-0,80442
1,981598066;-0,90488
1,981598339;-0,948945
1,981598618;-0,963734
1,981598981;-0,969671
1,981599451;-0,973342
1,981600255;-0,979111
1,981601863;-0,987847
1,981604999;-0,996238
1,981608235;-0,999583
1,981612839;-1,00123
1,981617779;-1,00159
1,98164576;-1,00134
1,984650873;-1,00138
2,057358357;-1,00152
2,069201713;-1,00137
2,069455499;-1,00127
2,069497797;-1,00117
2,069514716;-1,00104
2,069546134;-1,00027
2,069555951;-0,999659
2,069559856;-0,999008
2,06956253;-0,997761
2,06956332;-0,99715
2,069564899;-0,995007
2,069565469;-0,993607
2,069566128;-0,990553
2,06956622;-0,98989
2,069566403;-0,988237
2,069566693;-0,983626
2,069566859;-0,978159
2,06956701;-0,966362
2,069567139;-0,940486
2,069567283;-0,88355
2,069567437;-0,78018
2,069567557;-0,67459
2,069567694;-0,537746
2,069567866;-0,35564
2,069568062;-0,138334
2,0695684;0,240466
2,069568576;0,36944
2,069568663;0,385088
2,069568716;0,391693
2,069568781;0,39845
2,069568856;0,403556
2,069568957;0,409152
2,069569052;0,413804
2,069569241;0,422064
2,069569619;0,436997
2,069570263;0,469281
2,069570876;0,688581
2,069571447;0,954592
2,069571753;0,980603
2,069572093;0,981113
2,069572475;0,978184
2,069573044;0,978648
2,069574183;0,984721
2,06957607;0,992406
2,06957877;0,997747
2,069581816;1,00032
2,069587091;1,00199
2,069592253;1,00233
2,069615641;1,00225
2,070932374;1,00228
2,110493796;1,00238
2,188222056;1,00151
2,20403234;1,00108
2,20732615;1,00084
2,208973054;1,0006
2,209631816;1,00043
2,21094934;0,999194
2,211278721;0,99706
2,211381652;0,99574
2,211422825;0,994985
2,21150517;0,991926
2,211518118;0,991049
2,211544014;0,988356
2,211552433;0,987018
2,211563658;0,984372
2,211574134;0,979749
2,21157561;0,978795
2,211578561;0,976493
2,211584464;0,968462
2,211589035;0,95346
2,211593066;0,92249
2,211596842;0,862315
2,211599347;0,791066
2,211599696;0,778517
2,211600392;0,75088
2,211601786;0,678391
2,211603159;0,56593
2,211603358;0,545048
2,211603757;0,49841
2,211604307;0,414688
2,211604651;0,343327
2,211604737;0,321964
2,211604908;0,2733
2,211605059;0,218677
2,211605223;0,129075
2,211605389;-0,00463967
2,211605561;-0,172902
2,211605722;-0,330598
2,211605839;-0,428598
2,211605894;-0,444858
2,211605933;-0,4523
2,211605978;-0,458856
2,211606023;-0,46436
2,211606114;-0,472932
2,211606225;-0,482072
2,211606351;-0,49219
2,211606558;-0,511134
2,211606731;-0,537622
2,211606911;-0,644792
2,211607134;-0,807381
2,211607382;-0,904524
2,211607655;-0,948672
2,211607932;-0,963469
2,211608295;-0,969532
2,211608763;-0,973251
2,211609566;-0,97905
2,211611173;-0,987807
2,211614305;-0,996219
2,211617538;-0,999573
2,211622141;-1,00123
2,211627079;-1,00159
2,211655027;-1,00134
2,214654334;-1,00138
2,287226227;-1,00152
2,299177458;-1,00137
2,299472863;-1,00127
2,299515063;-1,00117
2,299531944;-1,00105
2,299564169;-1,00026
2,299573998;-0,99965
2,299577897;-0,998981
2,299580574;-0,997693
2,299581364;-0,997061
2,299582943;-0,994793
2,299583487;-0,993358
2,299584118;-0,990214
2,299584205;-0,989532
2,299584381;-0,98783
2,299584658;-0,983081
2,299584818;-0,977336
2,299584963;-0,964907
2,299585094;-0,936792
2,299585238;-0,877114
2,299585376;-0,783246
2,299585492;-0,680788
2,299585626;-0,547899
2,299585793;-0,370822
2,299585984;-0,160104
2,299586309;0,205933
2,299586352;0,251344
2,299586436;0,334896
2,299586484;0,360247
2,299586535;0,374016
2,299586569;0,38028
2,29958662;0,387682
2,299586687;0,395473
2,299586754;0,40122
2,299586828;0,405689
2,299586924;0,410742
2,299587045;0,416467
2,299587288;0,426559
2,299587773;0,446001
2,299588464;0,500532
2,299588894;0,769391
2,299589315;0,940694
2,299589599;0,970443
2,299589945;0,976887
2,299590308;0,97665
2,299590893;0,978236
2,299591903;0,983895
2,299593924;0,99224
2,299596836;0,99796
2,299599962;1,0005
2,299605242;1,00204
2,299610437;1,00235
2,29963408;1,00224
2,300336362;1,00228
2,320891544;1,00235
2,342109796;1,00236
2,417977889;1,00152
2,433683026;1,0011
2,438263691;1,00073
2,440881214;0,999493
2,441126607;0,998855
2,441453797;0,995757
2,441516168;0,994239
2,441541117;0,993406
2,441591014;0,990386
2,441608504;0,988443
2,441624471;0,985374
2,441635973;0,981033
2,441637766;0,980044
2,44164135;0,977608
2,441646967;0,971258
2,441651524;0,960235
2,441655507;0,938212
2,441659412;0,892278
2,441662576;0,820507
2,441663085;0,804955
2,441664102;0,769318
2,441665653;0,694902
2,441667235;0,56861
2,441667442;0,547145
2,441667855;0,499031
2,441668393;0,417928
2,441668742;0,346496
2,441669065;0,249183
2,441669275;0,135655
2,441669494;-0,0453699
2,441669708;-0,25513
2,441669916;-0,432974
2,441669923;-0,435264
2,441669937;-0,43913
2,44166995;-0,442364
2,441669965;-0,445922
2,441669993;-0,451233
2,441670048;-0,459421
2,441670118;-0,467368
2,441670199;-0,474494
2,441670449;-0,494621
2,441670614;-0,509499
2,441670758;-0,528458
2,441670951;-0,616049
2,441671169;-0,785651
2,441671379;-0,881348
2,441671618;-0,933774
2,441671892;-0,957515
2,441672214;-0,966887
2,44167265;-0,971792
2,441673289;-0,976737
2,441674487;-0,984314
2,441676885;-0,993171
2,441680059;-0,998296
2,441684077;-1,0007
2,441688707;-1,00148
2,441694455;-1,00158
2,441712109;-1,00136
2,445818575;-1,00138
2,509583331;-1,00153
2,526069782;-1,00148
2,530239694;-1,00129
2,530316905;-1,00086
2,530344778;-0,999944
2,530350407;-0,99949
2,530352658;-0,999102
2,530355009;-0,998232
2,530357234;-0,99641
2,530358249;-0,994813
2,530358757;-0,993514
2,530359434;-0,990254
2,53035952;-0,9896
2,530359693;-0,987977
2,530359982;-0,983117
2,530360144;-0,977356
2,530360292;-0,964684
2,530360423;-0,936142
2,530360567;-0,875621
2,530360703;-0,782599
2,53036082;-0,679781
2,530360954;-0,547062
2,530361121;-0,369982
2,530361312;-0,159177
2,530361638;0,208492
2,530361848;0,370123
2,530361941;0,386219
2,530361997;0,392999
2,530362066;0,399587
2,530362152;0,405119
2,530362243;0,409944
2,53036236;0,415561
2,530362595;0,425437
2,530363064;0,444092
2,530363876;0,519672
2,530364312;0,816122
2,530364736;0,954058
2,530365041;0,975843
2,530365425;0,978604
2,530365811;0,977613
2,530366504;0,979772
2,530367809;0,986665
2,530370061;0,994312
2,530373533;0,999399
2,530376771;1,00117
2,530381548;1,00209
2,530386924;1,0023
2,530646021;1,00228
2,556432657;1,00237
2,614021009;1,00189
2,658792876;1,00129
2,666254853;1,00094
2,67065209;0,9999
2,67091859;0,999521
2,671451588;0,995488
2,671488665;0,994798
2,671538102;0,993418
2,67157518;0,991684
2,671593718;0,990349
2,671618437;0,987237
2,671627844;0,985246
2,671637713;0,98187
2,671646187;0,976156
2,671647475;0,974851
2,671650051;0,971611
2,671654389;0,962224
2,671658354;0,943159
2,671662748;0,893938
2,671666187;0,812569
2,671666686;0,796493
2,671667682;0,75965
2,671669185;0,683589
2,671670723;0,553521
2,671670919;0,531852
2,671671312;0,483259
2,671671801;0,405529
2,671671891;0,388315
2,671672072;0,350604
2,67167233;0,282489
2,671672506;0,219261
2,671672697;0,107655
2,671672848;-0,019608
2,671673016;-0,185752
2,671673204;-0,368528
2,67167331;-0,438862
2,671673366;-0,450704
2,671673403;-0,456442
2,671673446;-0,461993
2,671673505;-0,468281
2,671673623;-0,478397
2,671673758;-0,489107
2,671673902;-0,501352
2,671674049;-0,516192
2,671674227;-0,553002
2,671674415;-0,695662
2,671674601;-0,818554
2,671674815;-0,898738
2,671675093;-0,945685
2,671675359;-0,961491
2,671675739;-0,969176
2,671676196;-0,973223
2,671677005;-0,979126
2,671678522;-0,987438
2,671681554;-0,995874
2,671684778;-0,99942
2,67168942;-1,0012
2,67169408;-1,00157
2,671722145;-1,00134
2,674641216;-1,00138
2,745501233;-1,00152
2,758358959;-1,00143
2,75955617;-1,00131
2,759638171;-1,00118
2,759676471;-1,00067
2,75969022;-1,0002
2,759697094;-0,999796
2,759702331;-0,999137
2,759704784;-0,998206
2,759706871;-0,99648
2,759707225;-0,996019
2,759708112;-0,994383
2,759708466;-0,993384
2,759709175;-0,989588
2,759709256;-0,988879
2,759709417;-0,987104
2,759709674;-0,98209
2,759709825;-0,975779
2,759709963;-0,962069
2,759710099;-0,929132
2,759710244;-0,86248
2,759710365;-0,775939
2,759710486;-0,668034
2,759710618;-0,535473
2,759710797;-0,344169
2,759710986;-0,135405
2,759711351;0,272755
2,759711511;0,372811
2,759711603;0,387636
2,759711655;0,393847
2,759711721;0,399918
2,759711803;0,405112
2,759711891;0,409834
2,75971201;0,415508
2,759712246;0,425461
2,759712719;0,444271
2,759713573;0,536334
2,759714013;0,839174
2,759714441;0,960717
2,759714756;0,978185
2,759715143;0,979023
2,759715553;0,97792
2,75971629;0,980496
2,759717763;0,987982
2,759719889;0,994697
2,759723244;0,999391
2,759726518;1,00115
2,759731235;1,00206
2,759736572;1,00229
2,761427651;1,00228
2,785957034;1,00237
2,84374757;1,00189
2,888242873;1,00129
2,895658757;1,00094
2,900028831;0,99987
2,900359898;0,999313
2,900492324;0,998887
2,900757177;0,996974
2,900839944;0,995689
2,90087305;0,995001
2,900939263;0,992705
2,900952125;0,99199
2,900981906;0,989555
2,900990023;0,988568
2,901006258;0,985522
2,901018287;0,980984
2,901020005;0,980027
2,901023441;0,977691
2,901029191;0,971169
2,901033796;0,959776
2,901037808;0,936808
2,901041716;0,889179
2,901044812;0,816887
2,901045321;0,800924
2,901046338;0,764291
2,901047866;0,688821
2,901049429;0,55977
2,901050293;0,441272
2,90105046;0,41209
2,901050794;0,342799
2,901051056;0,268994
2,901051254;0,18506
2,901051497;0,00700034
2,90105164;-0,130029
2,901051806;-0,294753
2,901051835;-0,322731
2,901051893;-0,377126
2,901051946;-0,42065
2,901051976;-0,434054
2,901052005;-0,44241
2,901052032;-0,448283
2,901052062;-0,453544
2,901052111;-0,46035
2,901052181;-0,468
2,901052279;-0,47647
2,901052414;-0,487236
2,901052558;-0,499171
2,901052698;-0,512517
2,901052909;-0,552916
2,901053103;-0,699021
2,901053299;-0,825759
2,901053514;-0,902597
2,9010538;-0,948059
2,901054068;-0,962521
2,901054459;-0,969712
2,901054924;-0,973629
2,901055777;-0,979728
2,901057411;-0,988292
2,901060601;-0,996477
2,901063863;-0,999693
2,901068487;-1,00126
2,901073442;-1,00159
2,901088218;-1,00141
2,90144538;-1,00137
2,941765445;-1,00148
2,978977514;-1,00151
2,988214304;-1,0014
2,988835338;-1,00124
2,988852832;-1,00118
2,988892503;-1,00061
2,988904212;-1,00018
2,988912409;-0,999662
2,988915205;-0,999313
2,988917587;-0,998622
2,988920154;-0,996908
2,988921224;-0,99553
2,988922021;-0,993734
2,988922502;-0,991907
2,988922959;-0,988695
2,988923229;-0,984932
2,988923296;-0,983496
2,988923431;-0,979417
2,988923547;-0,97312
2,988923664;-0,959541
2,988923811;-0,919929
2,988923954;-0,847186
2,988924069;-0,760469
2,988924208;-0,632756
2,988924351;-0,487061
2,988924532;-0,291043
2,988924744;-0,0542128
2,988925032;0,266417
2,988925181;0,369049
2,988925259;0,383678
2,988925309;0,390125
2,988925371;0,39706
2,988925439;0,402165
2,988925521;0,406911
2,988925612;0,41161
2,988925769;0,418809
2,988926084;0,431469
2,988926617;0,454053
2,988927228;0,526845
2,988927613;0,807687
2,988927982;0,940675
2,988928277;0,970096
2,98892863;0,976464
2,988929001;0,976514
2,988929611;0,97849
2,988930667;0,984421
2,98893278;0,992773
2,988935891;0,998431
2,988938985;1,00069
2,988944513;1,00212
2,988949582;1,00235
2,988974143;1,00224
2,989732863;1,00228
3,012102376;1,00236
3,035193486;1,00233
3,110427742;1,00147
3,116306861;1,00134
3,128432543;1,00062
3,129167433;1,00044
3,130676302;0,998468
3,130754479;0,998108
3,130910835;0,996767
3,130949924;0,996206
3,131028102;0,99456
3,131047647;0,993948
3,131086736;0,992237
3,131096508;0,991635
3,131120939;0,989553
3,131130711;0,988327
3,131146527;0,985163
3,131158017;0,980542
3,131159738;0,979518
3,131163181;0,976992
3,1311686;0,970349
3,131173058;0,958541
3,131177069;0,93409
3,131180993;0,883139
3,131183986;0,809159
3,13118449;0,792437
3,1311855;0,753975
3,131186979;0,676596
3,131188502;0,542391
3,131188692;0,520515
3,131189072;0,471417
3,131189523;0,39679
3,13118961;0,37955
3,131189785;0,341746
3,131190028;0,275666
3,131190201;0,211132
3,13119039;0,0958235
3,131190529;-0,0238873
3,13119069;-0,183853
3,131190893;-0,380564
3,131190996;-0,441412
3,131191057;-0,45309
3,131191095;-0,458536
3,131191139;-0,463988
3,131191206;-0,470507
3,131191321;-0,480057
3,131191441;-0,489653
3,131191585;-0,5019
3,131191731;-0,516866
3,131191898;-0,551081
3,131192086;-0,690866
3,13119227;-0,814816
3,131192484;-0,896883
3,131192761;-0,944956
3,131193025;-0,96115
3,131193401;-0,969006
3,131193852;-0,973051
3,131194648;-0,978887
3,13119612;-0,987098
3,131199065;-0,995577
3,131202286;-0,999297
3,131206844;-1,00115
3,131211502;-1,00156
3,131238974;-1,00135
3,134080575;-1,00138
3,203242304;-1,00152
3,217769391;-1,00144
3,219179946;-1,0013
3,219261012;-1,00109
3,219297051;-1,00031
3,219306084;-0,999833
3,219310572;-0,99939
3,219312323;-0,999027
3,219314778;-0,997994
3,219316588;-0,996402
3,219316935;-0,995942
3,219317803;-0,994302
3,21931815;-0,993303
3,219318844;-0,989536
3,219318924;-0,988826
3,219319084;-0,987054
3,21931934;-0,982005
3,219319491;-0,975643
3,219319628;-0,9618
3,219319765;-0,928377
3,21931991;-0,860956
3,219320031;-0,77439
3,219320153;-0,665008
3,219320285;-0,531704
3,219320485;-0,31828
3,219320667;-0,11547
3,219321032;0,290472
3,219321051;0,309163
3,219321088;0,341883
3,219321125;0,359936
3,219321164;0,371242
3,21932121;0,380333
3,219321252;0,38646
3,219321326;0,395269
3,219321394;0,401159
3,219321471;0,405805
3,219321569;0,41097
3,219321687;0,416501
3,219321923;0,426297
3,219322395;0,445088
3,219323123;0,50343
3,219323555;0,779286
3,219323979;0,943924
3,219324267;0,97184
3,219324653;0,978026
3,219325007;0,977285
3,219325655;0,978939
3,219326676;0,984561
3,219328718;0,992663
3,219331688;0,998199
3,219334814;1,00059
3,219340225;1,00208
3,219345244;1,00234
3,219369441;1,00224
3,220096348;1,00228
3,241426736;1,00235
3,263445201;1,00235
3,340295494;1,00157
3,354377085;1,00097
3,356724016;1,00073
3,357662789;1,00056
3,359592489;0,998773
3,359696798;0,998341
3,359905416;0,996439
3,35995757;0,995489
3,360061879;0,990622
3,360068937;0,989977
3,360086582;0,98777
3,36009364;0,986497
3,360105359;0,983244
3,36011512;0,977796
3,360116537;0,976603
3,36011937;0,973651
3,360124029;0,965374
3,36012817;0,948905
3,360132177;0,913175
3,360135849;0,845744
3,360136366;0,832725
3,3601374;0,803127
3,36013911;0,736453
3,360140833;0,62756
3,360141055;0,609511
3,360141501;0,569673
3,360142392;0,460128
3,360142829;0,382427
3,36014325;0,267461
3,360143278;0,25812
3,360143334;0,238418
3,360143447;0,191686
3,360143576;0,115781
3,360143702;0,0140556
3,360143841;-0,120646
3,360143983;-0,264114
3,36014416;-0,424508
3,360144228;-0,445698
3,360144282;-0,454967
3,36014433;-0,461318
3,360144381;-0,466981
3,360144485;-0,476012
3,360144619;-0,486696
3,36014476;-0,498428
3,360144903;-0,511769
3,360145093;-0,544107
3,360145292;-0,680197
3,360145492;-0,81634
3,360145714;-0,900224
3,360146;-0,947725
3,360146266;-0,962509
3,36014665;-0,969606
3,360147106;-0,973386
3,360147936;-0,979345
3,360149524;-0,987883
3,360152683;-0,996278
3,36015591;-0,999592
3,360160531;-1,00123
3,360165462;-1,00159
3,36019354;-1,00134
3,363210804;-1,00138
3,436210032;-1,00152
3,447871197;-1,00134
3,448007188;-1,00126
3,448049685;-1,00104
3,448070933;-1,00074
3,448079432;-1,00053
3,448095287;-0,999757
3,448100044;-0,999126
3,448101593;-0,998634
3,448104097;-0,997093
3,448104824;-0,996331
3,448105925;-0,9944
3,44810643;-0,992882
3,448107007;-0,989619
3,448107088;-0,988906
3,44810725;-0,987126
3,448107507;-0,982137
3,448107659;-0,975864
3,448107796;-0,962261
3,448107932;-0,92969
3,448108076;-0,86362
3,448108198;-0,777062
3,448108318;-0,6702
3,44810845;-0,538117
3,448108627;-0,349223
3,448108815;-0,140953
3,448109174;0,260409
3,448109202;0,289313
3,448109258;0,341116
3,4481093;0,361387
3,448109341;0,372576
3,448109382;0,38037
3,448109428;0,387063
3,448109494;0,394876
3,448109564;0,40106
3,44810964;0,405629
3,448109735;0,410652
3,448109852;0,416201
3,448110087;0,426002
3,448110557;0,4447
3,448111297;0,504161
3,448111731;0,782114
3,448112157;0,945051
3,448112446;0,972316
3,448112832;0,978125
3,448113188;0,977333
3,448113841;0,979023
3,448114883;0,984744
3,448116967;0,992877
3,448119963;0,998321
3,448123113;1,00066
3,448128557;1,0021
3,448133513;1,00234
3,448157976;1,00224
3,448899726;1,00228
3,470710453;1,00236
3,493224751;1,00234
3,548334031;1,00174
3,58149395;1,00114
3,586467938;1,00079
3,588954932;1,00017
3,589473055;0,999675
3,589680305;0,999245
3,590094804;0,996032
3,590163461;0,994583
3,590190924;0,993786
3,590245849;0,990894
3,590253204;0,990269
3,590271592;0,988138
3,590278947;0,986915
3,590291483;0,983698
3,590301486;0,978583
3,590302977;0,977445
3,59030596;0,974632
3,590310817;0,966864
3,590315048;0,951773
3,590319019;0,919809
3,59032279;0,856901
3,590323314;0,844896
3,590324362;0,817668
3,590326143;0,754679
3,590327933;0,653017
3,59032817;0,635849
3,590328643;0,598036
3,590329589;0,495825
3,590329711;0,479357
3,590329956;0,44358
3,590330445;0,349478
3,590330506;0,334998
3,590330629;0,303651
3,590330824;0,241596
3,590330987;0,165037
3,590331165;0,0347777
3,590331286;-0,0795088
3,590331433;-0,228575
3,590331637;-0,419031
3,590331646;-0,423772
3,590331662;-0,431109
3,590331677;-0,436216
3,590331694;-0,44108
3,590331719;-0,446928
3,590331759;-0,454134
3,590331807;-0,460687
3,590331871;-0,467752
3,590331965;-0,475995
3,590332109;-0,487421
3,590332244;-0,498736
3,590332389;-0,512543
3,590332579;-0,54628
3,590332778;-0,686557
3,590332975;-0,818718
3,590333191;-0,899464
3,590333479;-0,947448
3,590333743;-0,962233
3,590334131;-0,969566
3,590334585;-0,973381
3,590335419;-0,979385
3,590336986;-0,987814
3,590340119;-0,996203
3,590343346;-0,99956
3,590347953;-1,00122
3,59035289;-1,00159
3,590380831;-1,00134
3,59337765;-1,00138
3,665890169;-1,00152
3,677627006;-1,0014
3,678225653;-1,00124
3,678242516;-1,00119
3,678280975;-1,00067
3,678292806;-1,00028
3,678303266;-0,99965
3,678305557;-0,999376
3,678307747;-0,99884
3,678310541;-0,997243
3,678311572;-0,996134
3,678312621;-0,994132
3,678313099;-0,992566
3,678313646;-0,989184
3,678313723;-0,988444
3,678313877;-0,986595
3,678314119;-0,981441
3,678314265;-0,974761
3,678314398;-0,9603
3,678314537;-0,924001
3,678314684;-0,852151
3,678314801;-0,765197
3,678314933;-0,644966
3,678315071;-0,504799
3,678315257;-0,304853
3,678315458;-0,0811475
3,678315859;0,349905
3,678315991;0,383487
3,678316077;0,393803
3,678316158;0,401164
3,678316246;0,406474
3,678316362;0,412373
3,67831648;0,41772
3,678316715;0,427329
3,678317186;0,446114
3,678317894;0,504081
3,67831832;0,778083
3,678318736;0,941975
3,678319023;0,970976
3,678319405;0,977748
3,678319757;0,977155
3,678320395;0,978793
3,678321391;0,984299
3,678323383;0,992374
3,678326333;0,998053
3,678329441;1,00052
3,678334804;1,00206
3,678339909;1,00235
3,678363799;1,00224
3,679076165;1,00228
3,699951374;1,00235
3,721499977;1,00236
3,795406639;1,00154
3,810817679;1,00118
3,813386186;1,00105
3,818523199;1,00041
3,819807452;0,999041
3,820128516;0,996724
3,820228848;0,995225
3,820268981;0,994336
3,820349247;0,989756
3,820355337;0,989089
3,820367517;0,987376
3,820379551;0,984718
3,820390321;0,980303
3,820391961;0,979321
3,820395239;0,97692
3,82040079;0,97011
3,820405303;0,957901
3,820409332;0,93263
3,820413247;0,88045
3,820416175;0,80671
3,820416681;0,789697
3,820417692;0,750516
3,820419156;0,672534
3,820420667;0,536419
3,820420853;0,514457
3,820421225;0,465147
3,820421658;0,392215
3,820421744;0,37497
3,820421915;0,337129
3,82042215;0,272121
3,820422321;0,206817
3,82042251;0,0893875
3,820422645;-0,0273144
3,820422802;-0,184586
3,820422987;-0,363876
3,820423093;-0,437278
3,820423147;-0,449452
3,820423183;-0,455343
3,820423225;-0,460976
3,820423281;-0,467175
3,820423393;-0,476932
3,820423545;-0,489032
3,820423685;-0,500848
3,820423838;-0,516283
3,820424022;-0,555859
3,820424213;-0,70273
3,8204244;-0,823647
3,820424614;-0,90125
3,820424892;-0,946599
3,82042516;-0,961872
3,820425544;-0,969358
3,820426009;-0,97342
3,820426837;-0,979424
3,820428412;-0,987869
3,820431563;-0,996249
3,820434789;-0,999578
3,820439407;-1,00123
3,82044434;-1,00159
3,820472363;-1,00134
3,823481454;-1,00138
3,896285868;-1,00152
3,907808963;-1,00139
3,908283444;-1,00127
3,908325808;-1,00112
3,908355463;-1,00074
3,908374928;-1,00004
3,908381226;-0,999568
3,908383746;-0,999172
3,908385981;-0,99839
3,908388376;-0,996508
3,908389395;-0,994935
3,908389904;-0,99367
3,908390583;-0,99055
3,908390672;-0,989908
3,908390851;-0,98832
3,908391151;-0,98356
3,908391317;-0,978007
3,908391468;-0,965785
3,908391599;-0,938862
3,908391743;-0,880365
3,908391889;-0,781798
3,908392007;-0,677826
3,908392143;-0,542934
3,908392312;-0,363409
3,908392506;-0,149468
3,908392837;0,222761
3,908393028;0,369124
3,90839304;0,371859
3,908393062;0,376453
3,908393093;0,381714
3,908393127;0,386605
3,908393185;0,393698
3,908393249;0,3997
3,908393325;0,404547
3,908393413;0,409334
3,908393524;0,414738
3,908393746;0,424212
3,90839419;0,441757
3,908394994;0,50276
3,908395445;0,785047
3,908395889;0,949599
3,90839618;0,97426
3,908396577;0,978765
3,908396937;0,977663
3,908397618;0,979419
3,908398728;0,985428
3,908400948;0,993603
3,90840402;0,998709
3,908407127;1,0008
3,908412798;1,00215
3,908417918;1,00235
3,908442861;1,00225
3,909260167;1,00228
3,933580364;1,00236
3,958685083;1,00227
4,026475026;1,00152
4,037725663;1,00129
4,045601109;1,0009
4,050101364;0,997193
4,05017956;0,996752
4,050335951;0,994607
4,050370528;0,993605
4,050439681;0,988414
4,050451695;0,986476
4,050463777;0,983218
4,050473362;0,978094
4,050474832;0,976923
4,050477773;0,974019
4,050482499;0,966099
4,050486694;0,950438
4,050490685;0,916914
4,050494419;0,852038
4,05049494;0,839614
4,050495982;0,811405
4,050497732;0,746868
4,050499493;0,64221
4,050499724;0,624672
4,050500185;0,586012
4,050501108;0,480801
4,050501223;0,464373
4,050501453;0,428684
4,050501915;0,334536
4,050502153;0,265228
4,050502382;0,153899
4,050502597;-0,0161884
4,050502754;-0,169773
4,050502936;-0,346838
4,050503051;-0,434313
4,050503106;-0,447898
4,050503143;-0,454253
4,050503186;-0,460205
4,050503238;-0,466152
4,050503342;-0,475377
4,050503462;-0,48499
4,050503596;-0,495915
4,05050375;-0,510034
4,050503903;-0,531179
4,050504098;-0,630455
4,050504324;-0,80036
4,050504553;-0,895358
4,050504812;-0,942842
4,050505088;-0,961111
4,050505433;-0,968513
4,050505888;-0,972672
4,050506614;-0,978065
4,050508059;-0,986455
4,050510905;-0,995138
4,050514103;-0,999108
4,050518552;-1,00107
4,05052319;-1,00155
4,050549837;-1,00135
4,055334851;-1,00139
4,120683113;-1,00153
4,136205413;-1,00146
4,13850142;-1,00133
4,138622688;-1,00119
4,138638857;-1,00109
4,138675175;-1,00026
4,138685114;-0,999622
4,138689071;-0,998863
4,13869177;-0,997393
4,138692563;-0,996656
4,138693759;-0,994814
4,138694311;-0,993356
4,138694934;-0,99027
4,138695023;-0,989591
4,1386952;-0,987895
4,138695478;-0,983183
4,138695639;-0,977503
4,138695785;-0,965237
4,138695916;-0,937666
4,13869606;-0,878725
4,138696201;-0,783112
4,138696317;-0,680406
4,138696452;-0,546855
4,13869662;-0,369096
4,138696811;-0,157508
4,138697137;0,209476
4,138697164;0,237673
4,138697216;0,292034
4,138697271;0,34237
4,138697314;0,361989
4,138697357;0,373379
4,138697401;0,381497
4,138697448;0,387965
4,138697509;0,395266
4,138697578;0,401115
4,138697649;0,405439
4,138697743;0,410435
4,138697861;0,416071
4,138698098;0,425991
4,138698573;0,444902
4,1386993;0,502571
4,138699733;0,777526
4,138700159;0,943843
4,138700446;0,971804
4,138700833;0,978052
4,138701186;0,977292
4,138701835;0,97893
4,138702851;0,984527
4,138704883;0,992617
4,138707843;0,998167
4,138710962;1,00057
4,138716365;1,00208
4,1387214;1,00234
4,138745532;1,00224
4,139469732;1,00228
4,160725032;1,00235
4,182665986;1,00235
4,259837411;1,00158
4,273843646;1,00096
4,276178019;1,00072
4,277111768;1,00054
4,278979266;0,998443
4,27911488;0,997824
4,2792957;0,995787
4,279352206;0,994455
4,279374808;0,993756
4,279420013;0,991545
4,279428245;0,990942
4,279448826;0,988886
4,279457058;0,987705
4,27947127;0,98452
4,279482047;0,979685
4,279483656;0,978613
4,279486874;0,975968
4,279492031;0,968834
4,279496373;0,955645
4,279500301;0,928619
4,279504165;0,873085
4,279506937;0,799217
4,27950743;0,781791
4,279508416;0,741686
4,279509836;0,662453
4,279511316;0,521557
4,279511493;0,499458
4,279511847;0,449816
4,279512235;0,380972
4,279512527;0,312448
4,279512787;0,22295
4,279512989;0,100267
4,279513143;-0,0333907
4,279513321;-0,210716
4,279513542;-0,41782
4,279513626;-0,446784
4,279513709;-0,459588
4,279513758;-0,465348
4,279513816;-0,470798
4,279513932;-0,480375
4,279514054;-0,489984
4,279514208;-0,503109
4,279514361;-0,519353
4,279514528;-0,558239
4,279514717;-0,706746
4,279514897;-0,822733
4,27951511;-0,90063
4,279515383;-0,945633
4,279515652;-0,961478
4,279516031;-0,969149
4,279516495;-0,973319
4,279517307;-0,979249
4,279518848;-0,987612
4,279521929;-0,996026
4,279525153;-0,999483
4,279529839;-1,00123
4,279534499;-1,00158
4,279562872;-1,00134
4,282525226;-1,00138
4,354391969;-1,00152
4,367135994;-1,00137
4,367427905;-1,00125
4,367469176;-1,00103
4,36748895;-1,0007
4,367509352;-0,999882
4,36751488;-0,999304
4,367517147;-0,998669
4,367519738;-0,99707
4,367520458;-0,9963
4,367521547;-0,994355
4,367522047;-0,992823
4,367522617;-0,989537
4,367522697;-0,988818
4,367522857;-0,987021
4,367523111;-0,982001
4,367523261;-0,975644
4,367523398;-0,961865
4,367523534;-0,928553
4,367523679;-0,861364
4,3675238;-0,77486
4,367523921;-0,665907
4,367524054;-0,532848
4,367524255;-0,318558
4,367524436;-0,116655
4,367524799;0,28773
4,36752495;0,374053
4,367525048;0,389067
4,3675251;0,395071
4,367525167;0,400821
4,367525243;0,405477
4,367525335;0,410374
4,367525458;0,41621
4,367525705;0,426462
4,367526197;0,446189
4,36752688;0,499593
4,367527311;0,766748
4,367527734;0,940227
4,367528016;0,970257
4,36752836;0,976823
4,367528722;0,976616
4,367529303;0,978176
4,367530305;0,983795
4,36753231;0,992137
4,367535206;0,997897
4,367538329;1,00047
4,367543584;1,00203
4,367548818;1,00235
4,367572342;1,00224
4,368269037;1,00228
4,388645618;1,00235
4,409679508;1,00237
4,486889509;1,0015
4,502820877;1,00104
4,506139911;1,00074
4,507799429;1,00036
4,508629188;0,99981
4,508961091;0,999148
4,509044067;0,998848
4,509251507;0,997566
4,509355227;0,996366
4,509396715;0,99567
4,50947969;0,993248
4,50949623;0,992435
4,509529309;0,989946
4,509542121;0,988421
4,509559205;0,984967
4,509570551;0,980178
4,509572273;0,979097
4,509575716;0,976407
4,509580881;0,969658
4,509585235;0,957455
4,509589189;0,932281
4,509593098;0,879714
4,509596024;0,805292
4,509596526;0,788217
4,50959753;0,748907
4,509598985;0,670674
4,509600488;0,53406
4,509600673;0,512072
4,509601042;0,462701
4,509601468;0,39038
4,509601553;0,373136
4,509601723;0,33529
4,509601954;0,270802
4,509602125;0,205208
4,509602314;0,086193
4,509602447;-0,0296262
4,509602604;-0,185856
4,509602785;-0,361972
4,509602891;-0,436659
4,509602944;-0,448971
4,50960298;-0,454913
4,509603022;-0,460573
4,509603077;-0,466717
4,509603186;-0,476314
4,509603317;-0,486745
4,509603456;-0,498297
4,509603599;-0,511778
4,509603785;-0,542867
4,509603981;-0,67519
4,509604182;-0,813671
4,509604411;-0,901129
4,509604693;-0,94769
4,509604963;-0,96266
4,50960534;-0,969549
4,5096058;-0,973348
4,509606619;-0,979246
4,509608228;-0,987911
4,509611385;-0,99629
4,509614618;-0,999603
4,509619235;-1,00124
4,509624169;-1,00159
4,509652268;-1,00134
4,512674063;-1,00138
4,585779632;-1,00152
4,597392401;-1,00132
4,597477538;-1,00124
4,597520107;-1,00094
4,597541391;-1,00047
4,597552034;-0,999996
4,597557355;-0,999589
4,597559483;-0,999302
4,597561611;-0,998711
4,597564262;-0,997058
4,597565309;-0,995818
4,597566231;-0,993884
4,597566705;-0,99219
4,597567203;-0,988857
4,597567278;-0,988086
4,597567428;-0,986149
4,597567656;-0,98095
4,597567799;-0,974029
4,597567927;-0,959161
4,59756807;-0,920524
4,597568218;-0,845063
4,597568334;-0,757377
4,597568478;-0,623998
4,597568625;-0,473322
4,597568806;-0,277191
4,597569026;-0,0307539
4,597569252;0,222566
4,597569293;0,26565
4,597569374;0,342527
4,597569417;0,362461
4,597569465;0,37459
4,597569507;0,382086
4,597569556;0,388803
4,597569618;0,395978
4,597569685;0,401455
4,597569757;0,405778
4,59756985;0,410695
4,597569976;0,41663
4,597570227;0,427063
4,597570731;0,44736
4,59757139;0,500326
4,597571813;0,766276
4,597572229;0,938363
4,59757251;0,969453
4,597572892;0,977478
4,597573235;0,977005
4,597573859;0,978513
4,597574795;0,983716
4,597576667;0,991685
4,597579533;0,99765
4,597582626;1,00034
4,597587837;1,002
4,597593197;1,00236
4,597616334;1,00224
4,598295169;1,00228
4,618100601;1,00235
4,638544917;1,00238
4,716422803;1,00151
4,73227534;1,00107
4,735577951;1,00081
4,737229257;1,00054
4,73788978;1,00034
4,739238775;0,99725
4,739294677;0,996839
4,73940648;0,995364
4,739434431;0,994748
4,739490333;0,992909
4,739504308;0,992211
4,739532259;0,990233
4,739545946;0,988766
4,739564195;0,985443
4,739576123;0,980944
4,739577922;0,979944
4,739581521;0,977473
4,739587072;0,971139
4,739591608;0,960102
4,739595587;0,938002
4,739599497;0,891834
4,739602655;0,819886
4,739603163;0,804284
4,73960418;0,768529
4,739605727;0,693974
4,739607306;0,567342
4,739607512;0,545858
4,739607923;0,4977
4,739608456;0,416877
4,739608804;0,345517
4,739609125;0,248378
4,739609335;0,134637
4,739609553;-0,0460337
4,739609765;-0,253202
4,739609974;-0,433031
4,739609981;-0,435344
4,739609995;-0,43925
4,739610008;-0,442512
4,739610024;-0,446094
4,739610052;-0,451462
4,739610108;-0,459727
4,739610178;-0,467578
4,739610261;-0,474839
4,739610387;-0,484879
4,739610517;-0,495438
4,739610675;-0,509749
4,739610824;-0,529838
4,739611018;-0,62304
4,739611251;-0,799894
4,739611473;-0,893036
4,739611726;-0,941024
4,739612002;-0,960388
4,739612342;-0,968168
4,739612795;-0,972506
4,739613501;-0,977796
4,73961489;-0,986017
4,739617652;-0,99478
4,739620838;-0,998952
4,739625205;-1,00101
4,739629833;-1,00154
4,739655887;-1,00135
4,744280173;-1,00138
4,807305042;-1,00153
4,82539545;-1,00146
4,827656751;-1,00135
4,827818272;-1,00129
4,827891452;-1,00081
4,827912401;-1,00027
4,82792192;-0,999757
4,82792645;-0,999232
4,827927895;-0,998861
4,827931112;-0,997031
4,827931766;-0,996349
4,827933076;-0,99388
4,827933519;-0,992354
4,82793411;-0,988256
4,827934178;-0,98748
4,827934314;-0,985546
4,827934535;-0,979949
4,827934674;-0,972147
4,8279348;-0,95537
4,827934954;-0,907379
4,827935108;-0,817813
4,827935222;-0,724876
4,827935367;-0,586933
4,827935529;-0,417929
4,82793571;-0,219082
4,827935974;0,078078
4,82793604;0,152728
4,827936172;0,294432
4,827936263;0,360508
4,827936322;0,375655
4,827936365;0,382977
4,827936416;0,389656
4,827936484;0,397325
4,827936547;0,402086
4,827936624;0,406575
4,827936717;0,411434
4,827936864;0,418231
4,827937158;0,430175
4,827937702;0,453009
4,827938316;0,520576
4,827938708;0,800885
4,827939083;0,940078
4,827939377;0,970019
4,827939732;0,97661
4,8279401;0,976565
4,827940708;0,978445
4,827941742;0,984247
4,827943808;0,992555
4,82794686;0,998269
4,827950044;1,00067
4,82795542;1,0021
4,827960444;1,00235
4,827984713;1,00224
4,828720502;1,00228
4,850357291;1,00236
4,872692042;1,00234
4,948417764;1,00152
4,962888962;1,00098
4,965300828;1,00075
4,966265574;1,00058
4,968250689;0,998896
4,968361931;0,998462
4,968584414;0,996497
4,968653941;0,995198
4,968681751;0,994512
4,968737372;0,9923
4,968748051;0,991647
4,968773725;0,989417
4,96878236;0,988317
4,96879963;0,984703
4,968810693;0,979798
4,968812407;0,978663
4,968815835;0,975821
4,968820769;0,968971
4,968825034;0,956359
4,968828937;0,930475
4,968832825;0,876455
4,968835686;0,801828
4,968836184;0,784497
4,968837181;0,744586
4,968838615;0,665703
4,968840099;0,527309
4,96884028;0,505242
4,968840641;0,455681
4,968841046;0,3853
4,968841129;0,368049
4,968841296;0,330165
4,968841518;0,267213
4,968841687;0,200819
4,968841879;0,0773791
4,968842008;-0,0372204
4,968842162;-0,190749
4,968842339;-0,363441
4,968842444;-0,436655
4,968842497;-0,448866
4,968842533;-0,454807
4,968842574;-0,460448
4,968842629;-0,466604
4,968842738;-0,476197
4,968842867;-0,48652
4,968843005;-0,497991
4,968843149;-0,511474
4,968843331;-0,540892
4,968843526;-0,668448
4,96884373;-0,810887
4,96884397;-0,903211
4,968844246;-0,948126
4,968844521;-0,963102
4,968844892;-0,969586
4,968845359;-0,973377
4,968846171;-0,97922
4,968847796;-0,987969
4,968850934;-0,996282
4,968854184;-0,99961
4,968858781;-1,00123
4,968863731;-1,00159
4,96889181;-1,00134
4,971914236;-1,00138
5,045028015;-1,00152
5,056642455;-1,00131
5,056727605;-1,00121
5,056767813;-1,00078
5,056783183;-1,00034
5,056794711;-0,999692
5,056798835;-0,999101
5,056801719;-0,99784
5,056803616;-0,995858
5,056803958;-0,995287
5,056804641;-0,993675
5,056804812;-0,993105
5,056805154;-0,99164
5,056805552;-0,988779
5,056805631;-0,987948
5,056805789;-0,985822
5,056805997;-0,980965
5,056806137;-0,974219
5,056806264;-0,960167
5,056806404;-0,923748
5,05680655;-0,852176
5,056806667;-0,765294
5,056806799;-0,64521
5,056806937;-0,505199
5,056807123;-0,305243
5,056807323;-0,0818064
5,056807724;0,349338
5,056807856;0,383392
5,056807943;0,393796
5,056808023;0,401107
5,056808111;0,406413
5,056808228;0,412366
5,056808345;0,417671
5,056808578;0,427209
5,056809045;0,445811
5,056809765;0,505171
5,056810191;0,781482
5,056810609;0,943089
5,056810897;0,971447
5,056811279;0,977833
5,056811634;0,977198
5,056812276;0,978876
5,056813293;0,984483
5,056815326;0,992592
5,056818302;0,998179
5,056821429;1,00058
5,05682683;1,00208
5,056831864;1,00234
5,056856014;1,00224
5,057581728;1,00228
5,078886999;1,00235
5,100879536;1,00235
5,177839884;1,00157
5,191895524;1,00097
5,19423813;1,00073
5,195175173;1,00056
5,197098985;0,998628
5,19719844;0,998186
5,19739735;0,996249
5,197447077;0,99528
5,197546532;0,990164
5,197552801;0,989526
5,19756534;0,987898
5,197578946;0,985077
5,197590039;0,980725
5,197591756;0,979741
5,197595191;0,977327
5,19760079;0,970757
5,197605329;0,959189
5,197609338;0,935624
5,197613254;0,886646
5,197616308;0,813661
5,197616814;0,797394
5,197617828;0,760027
5,197619336;0,683772
5,197620882;0,55265
5,197621079;0,530927
5,197621471;0,482198
5,197621956;0,404912
5,197622046;0,387677
5,197622226;0,349912
5,197622484;0,281915
5,197622659;0,21856
5,19762285;0,106163
5,197623;-0,0202759
5,197623167;-0,185688
5,197623357;-0,3702
5,197623463;-0,439229
5,197623519;-0,451007
5,197623556;-0,456696
5,197623599;-0,462225
5,197623659;-0,468534
5,197623779;-0,478745
5,19762391;-0,489176
5,197624053;-0,501337
5,197624199;-0,516122
5,197624375;-0,551842
5,197624564;-0,693167
5,19762475;-0,81725
5,197624963;-0,898057
5,197625241;-0,945502
5,197625507;-0,961391
5,197625885;-0,969128
5,19762634;-0,973161
5,197627145;-0,979046
5,197628646;-0,987323
5,197631648;-0,995773
5,197634872;-0,999378
5,197639484;-1,00118
5,197644144;-1,00157
5,197672003;-1,00134
5,200563369;-1,00138
5,27078894;-1,00152
5,281181735;-1,00148
5,285582434;-1,00128
5,28563927;-1,00114
5,28567602;-1,00046
5,285686701;-0,999977
5,285692041;-0,999549
5,285694177;-0,999225
5,285696341;-0,998535
5,285698988;-0,996564
5,285699975;-0,995094
5,285700685;-0,993242
5,285700834;-0,992684
5,285701133;-0,991268
5,285701539;-0,987967
5,285701786;-0,984008
5,285701848;-0,982495
5,285701972;-0,9782
5,285702083;-0,971234
5,2857022;-0,95517
5,285702339;-0,914635
5,285702498;-0,826646
5,285702614;-0,73415
5,285702762;-0,594253
5,285702924;-0,425176
5,285703105;-0,227356
5,285703361;0,0606024
5,285703425;0,133037
5,285703553;0,272128
5,285703647;0,353308
5,2857037;0,370284
5,285703746;0,379639
5,285703797;0,387031
5,285703855;0,394075
5,285703931;0,400961
5,285704011;0,405821
5,285704102;0,410585
5,285704222;0,416283
5,285704462;0,42633
5,285704931;0,445079
5,2857057;0,513779
5,285706128;0,802715
5,285706546;0,949122
5,285706844;0,97388
5,285707225;0,978174
5,285707598;0,977369
5,285708264;0,979323
5,285709424;0,985612
5,285711742;0,993935
5,285714922;0,99897
5,285718085;1,00094
5,285723112;1,00207
5,285728357;1,00231
5,285753387;1,00225
5,287287499;1,00228
5,309753741;1,00236
5,333717733;1,0023
5,407485717;1,00146
5,420279563;1,00109
5,425397102;1,00057
5,426676487;1,00008
5,426996333;0,999765
5,427636025;0,996349
5,427694948;0,995545
5,42777351;0,993637
5,42779205;0,992897
5,42782913;0,990649
5,427845729;0,98902
5,427864244;0,985893
5,427871504;0,983925
5,427881184;0,97951
5,427888533;0,972241
5,427889642;0,970546
5,42789186;0,966264
5,427895577;0,953858
5,427899666;0,923482
5,42790361;0,860047
5,427906236;0,781472
5,427906496;0,771728
5,427907016;0,750793
5,427908057;0,700069
5,427909334;0,611741
5,427909548;0,593262
5,427909975;0,552436
5,427910829;0,439083
5,427910926;0,422891
5,42791112;0,387724
5,427911508;0,294087
5,427911711;0,221728
5,427911909;0,103168
5,427912057;-0,0227361
5,427912231;-0,195694
5,427912427;-0,384126
5,427912452;-0,406715
5,427912493;-0,431125
5,427912533;-0,443285
5,427912555;-0,44798
5,427912588;-0,453829
5,427912628;-0,459449
5,427912707;-0,46826
5,427912798;-0,476093
5,427912938;-0,487253
5,427913076;-0,49875
5,427913219;-0,512242
5,427913409;-0,544974
5,427913607;-0,682738
5,427913806;-0,817063
5,427914023;-0,899089
5,427914311;-0,947471
5,427914575;-0,962283
5,427914961;-0,969581
5,427915414;-0,973358
5,427916245;-0,979333
5,427917805;-0,987756
5,427920925;-0,99616
5,427924151;-0,99954
5,427928854;-1,00124
5,427933527;-1,00158
5,427962151;-1,00134
5,430963688;-1,00138
5,503743703;-1,00152
5,515260722;-1,00139
5,515777295;-1,00127
5,515834682;-1,00096
5,515857701;-1,00047
5,515872558;-0,999673
5,515876638;-0,999031
5,51587798;-0,99857
5,515880505;-0,996901
5,515881142;-0,996186
5,515882266;-0,994022
5,515882726;-0,992471
5,515883271;-0,988992
5,515883346;-0,988248
5,515883494;-0,98639
5,515883733;-0,981111
5,515883877;-0,974219
5,515884008;-0,959233
5,515884151;-0,9207
5,515884298;-0,84527
5,515884414;-0,757604
5,515884558;-0,624672
5,515884705;-0,474372
5,515884886;-0,278195
5,515885106;-0,0325116
5,515885334;0,224452
5,515885504;0,364014
5,515885579;0,380272
5,515885633;0,387915
5,515885695;0,395167
5,515885766;0,401239
5,515885838;0,40556
5,515885934;0,410645
5,515886056;0,416394
5,515886299;0,426516
5,515886786;0,446002
5,515887476;0,500322
5,515887906;0,768893
5,515888328;0,940662
5,515888611;0,970433
5,515888957;0,976883
5,51588932;0,976647
5,515889904;0,978228
5,515890914;0,983883
5,515892933;0,992228
5,515895842;0,997952
5,515898968;1,00049
5,515904244;1,00204
5,515909444;1,00235
5,515933072;1,00224
5,516634587;1,00228
5,537165204;1,00235
5,558358098;1,00237
5,634398161;1,00151
5,650131121;1,0011
5,654719901;1,0007
5,657342061;0,998965
5,657547871;0,998154
5,657650777;0,997346
5,657787984;0,995306
5,657822286;0,994391
5,657890889;0,990799
5,65789748;0,990221
5,657910662;0,988762
5,657927144;0,985797
5,65793451;0,983706
5,657944331;0,978867
5,657951405;0,971049
5,657952483;0,969182
5,65795464;0,964465
5,657958194;0,95106
5,657962106;0,919637
5,657966103;0,850147
5,657968626;0,768241
5,657968804;0,761147
5,65796916;0,74624
5,657969873;0,712376
5,657971118;0,633554
5,657972127;0,538933
5,657972319;0,516468
5,657972703;0,465866
5,657973121;0,396044
5,65797321;0,378517
5,657973387;0,340005
5,657973622;0,275748
5,657973793;0,212032
5,657973981;0,0991173
5,657974122;-0,0215233
5,657974284;-0,182205
5,65797448;-0,372922
5,657974585;-0,439844
5,657974642;-0,451582
5,657974679;-0,457196
5,657974723;-0,4627
5,657974784;-0,469056
5,657974907;-0,47946
5,657975033;-0,489475
5,657975176;-0,501663
5,657975322;-0,516622
5,657975493;-0,551822
5,657975681;-0,692613
5,657975866;-0,81619
5,657976079;-0,897495
5,657976356;-0,945157
5,657976621;-0,961233
5,657976999;-0,969044
5,657977451;-0,973098
5,657978252;-0,97896
5,657979738;-0,987205
5,65798271;-0,995672
5,657985932;-0,999336
5,657990516;-1,00116
5,657995176;-1,00157
5,658022841;-1,00135
5,660888729;-1,00138
5,730568345;-1,00152
5,74569077;-1,00137
5,745974721;-1,00126
5,746015286;-1,00113
5,746043681;-1,00076
5,746062446;-1,00011
5,746068795;-0,999673
5,746071335;-0,999371
5,746073535;-0,998816
5,746076378;-0,997103
5,746077396;-0,995925
5,746078373;-0,993914
5,746078841;-0,992261
5,746079352;-0,988868
5,746079427;-0,988102
5,746079575;-0,986182
5,746079806;-0,980945
5,746079948;-0,973996
5,746080077;-0,959018
5,74608022;-0,920041
5,746080368;-0,844009
5,746080484;-0,756206
5,746080631;-0,6204
5,746080779;-0,467609
5,74608096;-0,271687
5,746081184;-0,0211236
5,746081394;0,21497
5,746081558;0,359508
5,746081629;0,377418
5,746081685;0,385921
5,746081745;0,393309
5,746081816;0,400045
5,746081905;0,405609
5,746081993;0,410261
5,746082113;0,415976
5,746082354;0,426038
5,746082831;0,445085
5,746083652;0,53096
5,746084085;0,830769
5,746084506;0,957268
5,746084816;0,976894
5,746085199;0,97869
5,746085598;0,977704
5,74608631;0,980106
5,746087733;0,987461
5,746089909;0,994542
5,746093562;0,999635
5,746096864;1,00129
5,746101598;1,00211
5,746106989;1,0023
5,746595392;1,00228
5,774079773;1,00237
5,824241713;1,00195
